25
21 7 7 10 11 7 13 4 6 2 19 14 10 4 23 19 24 10 21 9 1 3 2 2 23
1 2 3 4 5 6 9 10 11 12 13 14 15 16 17 18 20 21 22 24 25
1 4 7 8 15 16 24
3 10 15 17 20 22 25
1 7 8 9 10 17 18 19 20 21
1 2 6 8 9 10 13 18 20 21 25
3 5 6 9 10 12 25
2 5 6 9 12 14 16 18 19 20 21 23 25
5 15 17 22
2 3 4 19 21 25
9 20
2 3 4 5 7 9 10 11 12 13 14 17 18 19 20 21 23 24 25
2 3 4 7 8 9 11 12 13 15 16 17 18 25
1 2 3 4 8 11 14 15 18 20
9 11 17 25
2 3 4 5 7 8 9 10 11 12 13 14 15 16 17 18 19 20 21 22 23 24 25
1 2 3 4 6 7 8 9 11 12 14 16 18 19 20 21 23 24 25
1 2 3 5 6 7 8 9 10 11 12 13 14 15 16 17 18 19 20 21 22 23 24 25
10 12 13 16 18 19 20 21 24 25
2 3 5 6 7 8 10 11 12 13 14 15 16 17 18 19 20 21 22 23 24
3 6 7 11 16 17 18 21 22
19
2 11 12
3 17
2 10
1 2 3 6 7 8 9 10 11 12 13 14 15 16 17 18 19 20 21 22 23 24 25
-25 19 -1 -4 6 14 -11 -24 -19 -18 -1 0 -2 -2 24 -15 0 -17 14 -22 23 -19 -5 2 21
5 -20 9 -20 8 2 -15 -21 20 -12 -8 24 -21 18 8 1 12 -7 0 14 18 -4 9 -8
0 -10 -9 0 -5 22 -11 -4 21 -16 -11 9 2 1 12 -10 6 -7 5 -6 14 17 -7
2 6 -24 -17 9 22 7 -19 -1 -14 -21 6 -12 -8 15 24 12 12 -23 12 -12 8
2 -4 12 12 -21 -17 10 11 23 10 -9 -23 -7 8 -23 -15 -14 2 -21 15 -12
7 -3 12 0 -1 10 10 20 -3 18 0 5 -3 3 -12 16 17 14 17 -21
12 14 -1 -14 5 16 -16 -14 20 -15 -11 -11 -23 -11 21 -6 20 -5 22
-23 -2 6 21 -23 -10 -23 0 -16 14 -9 8 3 14 -25 -5 -13 -7
-18 -22 -9 -11 -9 18 2 -1 12 -22 -14 22 -15 15 -23 -19 -13
-11 -18 7 15 -3 -8 -2 23 18 -14 19 20 -8 2 13 -13
-5 -18 -2 18 24 13 9 2 -20 7 -15 5 -18 -2 1
4 13 -20 9 -24 1 4 13 -16 -4 11 -12 -24 -22
19 25 14 22 -7 7 -19 14 -24 12 9 5 1
-15 3 -11 -4 20 -6 -15 24 7 18 -12 5
-15 8 13 5 25 -24 -20 15 -22 -24 21
23 -10 -17 13 19 -10 -18 22 15 -20
2 -14 5 0 21 -15 13 25 11
4 -8 1 10 2 22 -10 14
-8 17 -2 17 -2 -14 -1
-21 -4 23 22 11 3
20 -16 6 -24 -22
4 -5 16 -5
-20 -19 -12
-8 1
-15