50
43 10 33 13 7 50 21 43 40 47 23 6 33 37 25 8 15 15 9 3 24 25 28 4 41 6 23 42 34 33 35 29 38 17 39 31 36 21 50 1 32 48 12 20 41 22 27 2 50 5
1 2 3 4 5 6 7 8 10 11 13 15 16 17 18 19 20 21 22 23 24 25 26 27 28 30 31 32 33 34 35 36 37 38 39 40 41 43 45 47 48 49 50
7 8 17 20 24 27 29 30 32 50
1 5 8 10 11 12 13 14 15 17 19 20 21 23 24 25 26 28 29 30 32 33 34 36 37 38 40 42 43 44 46 48 49
1 6 14 16 20 22 24 30 35 38 41 43 44
8 12 21 25 34 36 43
1 2 3 4 5 6 7 8 9 10 11 12 13 14 15 16 17 18 19 20 21 22 23 24 25 26 27 28 29 30 31 32 33 34 35 36 37 38 39 40 41 42 43 44 45 46 47 48 49 50
2 5 9 10 16 17 23 26 28 29 31 32 34 37 40 41 43 44 47 48 50
1 2 3 4 5 7 8 9 10 11 12 13 14 15 16 18 19 20 21 22 23 24 26 27 28 30 31 32 33 34 35 36 37 39 40 41 42 43 45 46 47 49 50
2 3 4 7 8 9 10 12 13 14 15 16 17 18 19 20 21 22 24 25 26 27 28 29 30 32 33 34 35 36 37 38 39 40 41 42 43 45 46 47
1 2 3 4 5 6 7 8 9 10 11 12 13 14 15 17 18 19 20 21 22 23 24 25 26 27 28 29 30 31 33 34 35 37 38 39 40 41 42 43 44 45 46 47 48 49 50
1 3 4 6 9 12 15 16 19 24 25 28 31 33 34 35 40 41 44 46 47 48 50
1 8 13 15 22 33
1 2 3 4 5 6 7 8 9 10 11 12 13 14 15 18 19 21 22 25 26 27 35 36 37 39 41 42 45 46 48 49 50
1 2 3 4 5 6 7 10 11 16 17 18 19 20 21 22 25 26 27 28 29 30 31 33 34 35 36 37 40 41 42 44 45 47 48 49 50
2 3 4 11 12 13 15 16 17 21 25 26 28 30 33 36 37 41 43 44 45 46 48 49 50
8 11 14 24 25 26 32 48
1 2 7 8 9 10 14 15 19 24 25 30 33 38 49
5 6 7 11 18 23 25 26 31 32 34 39 42 47 50
9 10 13 14 21 29 40 42 46
3 38 46
1 2 3 4 6 8 13 14 15 16 17 19 20 22 24 27 28 30 33 36 42 45 47 49
1 5 8 9 11 16 17 19 21 22 23 24 26 27 28 32 34 36 41 43 45 46 47 48 50
2 3 4 7 10 11 12 15 16 17 18 19 21 24 29 30 31 32 33 34 35 38 40 41 42 44 46 50
3 21 35 36
1 2 3 4 5 6 7 8 9 11 12 13 14 15 16 17 18 22 23 26 27 28 29 30 31 32 33 34 35 37 38 39 40 42 43 44 45 46 47 48 49
13 15 16 24 39 43
1 2 5 13 14 16 18 19 21 22 24 27 28 30 35 37 38 41 42 43 44 45 50
1 2 3 4 5 6 7 8 9 10 12 13 14 15 16 17 18 20 21 22 23 24 26 27 28 30 31 32 33 34 35 36 37 38 39 40 41 42 44 45 46 50
2 4 5 6 7 8 9 11 13 14 15 16 18 19 20 22 23 25 26 27 28 30 32 35 38 39 42 43 44 45 46 48 49 50
1 2 3 4 5 7 9 10 11 13 15 16 17 19 20 22 25 26 27 28 29 30 31 33 34 35 37 39 43 44 48 49 50
1 3 5 6 8 9 10 12 13 14 15 17 18 19 20 21 22 24 25 26 27 29 31 32 36 38 39 41 42 43 45 46 47 49 50
3 4 5 6 8 10 11 12 13 16 20 21 23 24 25 26 28 29 32 35 36 38 39 41 43 45 47 48 50
1 2 3 4 5 6 7 8 9 10 11 13 14 16 18 19 20 22 23 25 26 27 29 31 33 34 35 37 39 40 41 43 44 45 46 47 48 49
2 4 6 9 14 16 20 22 23 32 35 37 38 39 43 46 49
1 2 3 4 6 9 10 12 13 14 16 17 18 19 20 21 22 23 25 26 27 28 29 30 31 32 33 34 36 37 38 41 42 44 45 47 48 49 50
1 2 4 6 8 11 14 15 16 17 18 19 21 22 27 29 30 33 34 35 36 39 41 42 44 45 46 47 48 49 50
1 3 5 6 7 9 10 11 13 14 15 16 17 18 19 20 21 23 24 26 30 32 34 35 38 39 40 41 42 43 44 46 47 48 49 50
3 8 9 10 11 14 15 19 20 23 24 27 33 35 36 38 41 42 43 48 50
1 2 3 4 5 6 7 8 9 10 11 12 13 14 15 16 17 18 19 20 21 22 23 24 25 26 27 28 29 30 31 32 33 34 35 36 37 38 39 40 41 42 43 44 45 46 47 48 49 50
17
1 2 4 6 7 8 9 11 12 14 15 18 19 20 21 23 25 26 27 29 32 34 35 37 38 39 41 42 44 46 47 50
1 3 4 5 6 7 9 10 11 12 13 14 15 16 17 18 19 20 21 22 23 24 25 26 27 28 29 30 31 32 33 34 35 36 37 38 39 40 41 42 43 44 45 46 47 48 49 50
2 3 9 10 16 18 21 32 38 39 49 50
5 8 9 11 16 17 22 23 25 26 29 32 35 37 40 41 44 46 48 49
1 2 3 4 5 6 7 8 9 10 13 14 15 16 17 18 19 22 23 24 25 26 27 28 29 31 32 33 34 35 37 38 40 41 42 43 44 46 48 49 50
2 6 8 9 14 15 18 19 20 23 24 25 30 31 37 40 42 43 44 48 49 50
4 5 7 8 10 11 13 16 17 19 20 21 23 28 29 32 33 34 35 36 37 38 40 43 46 48 50
39 41
1 2 3 4 5 6 7 8 9 10 11 12 13 14 15 16 17 18 19 20 21 22 23 24 25 26 27 28 29 30 31 32 33 34 35 36 37 38 39 40 41 42 43 44 45 46 47 48 49 50
7 16 28 33 34
-7 -4 -2 10 -48 -3 -31 18 -19 -48 -30 -12 -6 4 -11 -26 -26 40 41 -28 -6 23 20 -14 4 22 -28 14 35 46 12 30 -19 22 32 45 35 -14 -43 29 -30 28 -34 -11 -7 -22 47 -13 -16 -19
-33 -1 11 -47 13 18 36 -47 -50 -38 0 6 3 47 -45 -37 41 -2 33 7 48 -25 10 -14 23 -16 36 43 46 7 13 -23 5 -6 -19 9 -34 33 27 28 -9 41 7 49 -45 14 -49 -35 14
14 3 -17 -19 23 -26 7 22 -7 -36 32 44 -13 5 1 8 -11 11 20 -32 -30 46 46 43 -10 18 17 30 -14 7 32 20 0 -19 -38 -50 -20 28 5 17 4 -5 39 -24 33 -15 26 33
15 39 -23 -50 24 5 -10 43 -19 9 -33 6 -30 35 -14 -33 47 12 35 -13 47 41 -47 -7 2 31 -12 22 -32 -23 38 -19 -41 -13 19 -30 50 46 -14 36 36 -4 -13 -39 26 -34 11
-42 -16 -6 41 9 24 -21 6 -40 -18 6 13 41 22 7 -36 42 -4 -46 29 45 22 36 -32 -21 -19 -48 -14 48 -23 -17 -15 -9 43 29 4 -37 -15 26 -12 33 9 18 -23 16 49
22 -7 -20 -25 -15 -44 -50 26 37 15 -15 -44 -25 6 -50 7 16 -45 -16 27 -18 -35 47 -6 -45 36 -14 35 -48 -5 10 10 47 -40 -19 47 -3 39 28 -37 -50 3 -46 -28 11
-39 -49 -6 30 -11 35 -6 14 -29 -12 29 32 -26 -3 10 49 -17 48 -28 31 -3 -25 -33 3 -18 1 -25 45 -43 -27 -18 -41 -32 18 -50 12 45 36 3 26 -41 -45 -41 41
-11 -11 45 11 -14 -22 -18 46 22 1 -28 -46 -6 37 -49 35 9 15 39 23 -33 -11 -16 38 -41 -20 43 -10 8 -47 35 -10 22 30 -29 19 -23 20 33 19 40 -17 5
47 42 9 -24 -42 13 -14 -44 -45 -6 36 46 -33 16 22 -30 25 18 -37 -28 11 15 -45 -2 1 -12 9 -32 41 35 -32 8 -26 -10 21 -20 -46 -17 -23 24 38 -26
4 47 44 -23 -32 -18 32 -18 -11 20 -4 35 42 -7 -7 9 -22 -21 40 -11 -15 -6 43 49 25 -17 -14 -34 38 6 -32 42 -12 -9 41 -24 -9 -35 6 11 18
25 -22 44 35 -44 11 27 -23 21 -39 -25 -9 -9 14 -32 47 22 -40 -38 -18 -3 -17 -16 27 20 -44 10 -24 33 -10 -36 -5 -9 23 40 3 -42 -49 10 38
-32 -43 28 16 -2 -45 12 40 12 -29 -38 6 -47 -49 -11 -46 -41 19 37 29 -18 11 -49 -5 15 -13 28 -39 -45 -23 2 49 32 31 41 19 11 13 13
-4 -48 -29 41 -32 -2 27 19 -3 39 31 42 48 -39 0 12 -41 -45 -48 -42 39 -18 5 -27 -50 39 22 -29 36 15 9 44 -30 -49 21 47 12 -4
-13 -36 19 45 24 -7 -7 -11 -48 22 16 48 6 44 -38 29 16 -40 29 -37 -42 -1 44 1 -41 -25 0 3 39 -3 -27 48 49 18 -7 44 38
-49 15 40 48 -33 -25 -20 -2 -13 -14 -4 -38 41 40 -42 -21 24 -30 -5 48 -42 -37 -22 -45 -41 35 28 2 21 17 47 -34 16 49 38 -5
2 -9 10 -25 -40 33 -50 45 -17 0 -42 -34 9 42 -45 -8 40 -1 -17 35 -50 -49 -27 -21 1 -42 40 -40 36 -32 20 47 10 3 36
-17 18 -47 -29 -50 -28 22 -49 13 -3 2 23 6 28 -37 -3 17 -22 -13 -35 -12 -16 25 11 -49 46 14 -30 -32 33 21 -25 -27 17
17 -21 48 -40 -11 24 44 -35 9 -4 29 40 45 -27 -1 -48 19 -48 -28 -28 -41 49 48 -4 -2 -32 -2 38 -17 19 35 14 16
-38 -15 7 11 -19 -6 -4 -38 -1 42 -7 2 -38 39 -31 -18 -16 31 33 -27 -2 43 -30 -13 16 -11 48 35 48 33 36 -45
11 39 20 36 44 26 50 -21 4 25 37 -43 25 15 31 -20 13 -33 -45 15 -9 -9 22 -34 12 -41 44 -4 -1 -39 49
4 -6 -39 25 18 2 24 -27 -11 18 -42 27 1 -45 40 -50 -16 16 28 1 -49 -36 -23 -7 20 24 -9 -15 -35 -16
19 35 27 -48 -5 45 26 -34 -32 -21 -11 13 -23 41 34 -40 -24 -49 -27 36 37 -4 -24 -43 10 17 -6 49 20
24 -25 -42 -5 47 -4 -1 -2 29 -39 49 -48 -19 13 14 31 26 33 7 -36 -33 16 29 -1 -16 50 -2 -4
21 -49 20 34 44 50 1 -46 26 -25 18 -11 -8 7 -44 -4 -12 12 48 11 -13 5 -35 43 40 24 -14
43 5 -10 31 -37 -1 15 -49 30 10 -34 36 16 -5 45 44 -28 20 -3 -20 46 -39 17 -1 -37 8
17 -50 36 18 18 -44 41 12 -38 3 31 50 -6 -34 -41 16 6 10 12 9 -50 7 26 17 -7
-21 -3 -7 -26 7 -43 40 1 -19 7 45 -50 18 29 25 -28 -30 36 -3 -14 5 26 -27 7
-15 -33 2 43 43 -29 -30 -5 -28 -10 -40 25 -18 -40 32 5 -23 -45 9 27 -8 43 -50
-31 32 46 -8 -7 -13 8 27 -43 29 -43 -36 -23 -10 28 49 32 -48 -6 -10 -42 21
-12 -48 -15 -24 -41 13 -28 38 2 24 -24 -8 -33 46 14 -36 -6 -20 -42 -5 15
26 28 34 -12 13 -3 35 11 20 43 33 32 46 26 -15 -43 -24 11 -50 29
14 19 45 -7 50 34 47 48 44 33 -6 -5 24 43 24 16 41 -17 -19
11 4 -33 -5 -26 9 -45 -7 0 0 22 38 -41 -36 -45 -37 -3 -21
-43 -41 41 -8 -42 12 -11 -7 41 -36 -20 34 2 36 48 31 5
-13 -48 -47 44 42 -3 43 26 -50 12 -2 -37 -37 8 34 -47
30 -2 36 32 38 -12 -17 29 -1 39 -4 -19 48 42 2
-32 18 -46 12 14 38 -12 2 -23 30 34 -5 -21 40
9 -39 -22 -6 -4 47 35 -41 13 11 26 0 12
-47 42 45 10 -28 30 -41 -32 43 31 -44 27
-1 34 -44 -40 11 -47 -46 25 38 15 -32
23 -5 -46 -48 -23 39 21 -34 -34 43
40 31 -20 4 9 2 34 -49 4
42 28 -41 -27 29 38 -11 10
-11 -20 39 -41 7 -1 -41
-32 26 14 -37 22 -46
-8 1 29 6 27
-17 -46 -31 -20
-15 10 33
-22 -50
-39