25
5 10 4 17 15 1 8 14 1 17 19 7 5 16 19 6 10 11 16 21 5 14 6 25 3
2 4 14 17 20
2 4 6 8 10 11 14 16 17 22
10 11 22 23
1 2 3 5 7 8 12 13 14 15 17 18 19 21 23 24 25
3 4 7 8 11 12 13 15 17 18 20 21 23 24 25
22
5 6 10 12 13 16 21 22
1 2 3 4 6 7 11 13 14 17 18 20 23 25
12
1 2 3 5 7 8 9 10 11 12 14 15 17 21 22 24 25
1 2 4 5 6 7 9 10 11 12 13 14 15 16 18 20 22 23 25
1 5 8 15 22 24 25
4 11 14 22 24
1 2 3 6 7 8 9 10 11 12 15 17 19 21 23 25
2 3 5 6 7 8 9 12 14 15 16 17 18 19 20 21 22 23 24
3 4 6 9 16 25
3 4 9 10 13 20 21 22 23 25
1 2 4 7 8 10 11 13 14 22 24
2 5 6 8 9 10 11 12 13 17 19 20 21 22 24 25
1 2 3 4 5 6 9 10 11 12 13 15 16 17 18 19 20 21 22 24 25
7 9 10 12 19
1 2 4 5 6 9 10 12 14 16 18 21 23 24
4 7 13 16 20 23
1 2 3 4 5 6 7 8 9 10 11 12 13 14 15 16 17 18 19 20 21 22 23 24 25
3 21 24
-22 11 6 15 -8 15 6 -14 -7 -3 -9 13 -7 3 1 -1 4 -19 5 -18 21 18 -21 6 -20
9 15 23 -14 14 22 -5 10 13 13 0 -22 -13 19 -24 20 -19 22 -18 13 22 22 -4 -20
-1 -13 -12 11 -1 -17 -24 -1 18 -19 -19 5 1 19 -7 22 -19 -6 -9 -13 -17 8 -9
4 6 -20 -17 20 19 19 -4 13 -13 -8 -23 -1 -11 23 -17 -4 -11 22 5 11 -10
-25 -18 -17 -5 25 23 4 9 -15 -18 -4 13 -13 15 -11 -15 3 22 23 0 0
-8 2 -9 -12 -3 6 25 12 -5 2 -17 -14 19 -10 -25 7 16 -16 11 15
-23 19 21 18 10 9 10 -14 10 -5 -20 -8 25 3 -10 -25 16 1 11
6 8 23 -21 -7 -22 -6 -4 -17 -25 -20 -12 -7 4 -10 -17 0 17
-11 -2 -10 -22 2 -12 -17 5 0 20 -10 9 5 12 -17 10 0
8 -17 -2 23 -24 -15 -2 -22 -7 -9 12 23 -24 25 6 -4
20 22 19 18 5 4 -7 20 5 -10 17 -12 8 -24 6
1 -15 -16 23 10 7 -3 -12 -22 -18 13 -13 23 -13
19 -12 19 8 -16 -23 -14 23 20 13 -10 16 12
19 25 -1 -10 -10 -19 18 -4 -3 11 3 -14
6 24 4 -24 17 13 9 -19 -12 -11 -6
12 -15 25 -22 -8 9 24 -11 -3 -12
22 -18 -3 -23 8 -24 5 -2 -14
0 21 -7 -22 20 24 -18 19
12 -23 -10 0 -20 -20 -19
-24 10 6 -14 25 10
-18 7 -18 22 -23
8 24 -20 13
-17 11 -2
15 -22
7