50
36 9 37 15 41 49 14 8 11 5 18 8 42 2 46 33 47 30 5 4 6 17 47 38 23 13 14 3 18 31 42 42 28 29 44 16 4 24 25 46 47 15 31 19 18 47 15 35 35 1
1 7 8 9 11 12 13 14 16 17 18 19 20 21 23 25 26 27 29 31 32 33 34 36 37 38 39 40 42 43 44 45 46 47 49 50
7 14 18 19 25 35 40 41 46
1 2 5 6 7 8 9 11 12 13 14 15 16 17 18 20 21 23 25 26 27 28 29 31 32 33 34 35 36 37 39 40 41 42 43 45 46
2 4 6 10 16 21 22 24 29 31 34 43 44 47 50
1 2 4 5 8 9 11 12 13 14 15 16 17 18 19 20 21 22 24 26 27 29 30 31 32 33 34 35 36 37 38 39 40 42 43 44 45 46 47 49 50
1 2 3 4 5 6 7 8 9 10 11 12 13 14 15 16 17 19 20 21 22 23 24 25 26 27 28 29 30 31 32 33 34 35 36 37 38 39 40 41 42 43 44 45 46 47 48 49 50
4 5 11 12 14 16 22 23 25 26 31 33 43 47
4 8 17 18 19 22 27 36
5 10 11 13 17 22 26 28 29 48 50
11 16 22 41 44
4 12 13 15 17 18 21 22 23 25 26 27 39 40 45 46 49 50
4 5 11 19 23 28 31 41
2 3 4 6 7 8 9 10 11 12 13 14 16 17 18 19 20 22 23 24 25 26 27 28 30 31 32 33 35 36 37 38 39 40 41 42 43 44 45 46 47 48
25 30
1 2 3 4 5 6 7 8 9 10 11 12 13 14 16 17 18 19 20 21 22 23 24 26 27 28 29 30 32 33 34 35 36 37 38 39 40 41 42 43 44 46 47 48 49 50
1 5 6 7 8 9 10 11 12 13 15 17 19 22 23 24 25 27 28 31 32 34 35 36 38 41 42 43 44 45 46 48 49
1 2 3 4 5 6 7 8 9 10 11 12 13 14 16 17 18 19 20 21 22 23 25 26 27 28 29 30 31 32 33 34 35 36 37 38 39 40 41 42 43 44 45 46 47 48 50
3 4 5 6 9 10 11 13 14 16 21 24 25 26 30 31 32 33 34 38 39 40 41 42 43 45 46 47 48 50
3 12 19 34 37
1 28 29 48
3 4 6 7 19 28
3 6 10 13 17 19 21 25 26 28 34 37 39 41 43 44 47
1 2 3 4 5 6 7 8 9 10 11 12 13 14 15 16 17 18 19 20 21 22 23 25 26 27 28 29 30 32 33 34 35 36 38 39 40 41 42 43 44 45 46 47 48 49 50
1 2 4 6 7 8 11 12 13 14 15 16 17 19 20 21 22 23 24 26 27 28 29 30 31 32 34 37 38 39 40 41 43 44 45 46 47 49
2 3 4 8 9 12 13 16 19 21 24 25 26 27 29 34 36 39 41 42 44 47 48
3 7 12 23 26 30 35 40 43 45 46 49 50
4 7 9 10 12 13 15 16 21 29 31 34 40 49
19 23 36
2 3 4 11 13 16 17 23 24 28 29 32 33 38 40 42 43 44
1 2 3 4 5 6 7 8 9 10 11 12 14 15 16 17 20 21 22 23 30 32 33 34 36 37 41 44 46 47 49
1 2 3 4 5 6 7 8 9 12 13 14 16 17 18 21 22 23 25 26 27 29 30 31 32 33 34 35 36 37 38 40 41 42 43 44 45 46 47 48 49 50
1 2 3 4 5 6 7 8 9 10 11 12 13 15 16 18 19 20 22 23 25 26 27 28 29 30 31 32 33 34 35 36 37 38 39 41 42 46 47 48 49 50
2 3 7 8 9 14 15 16 18 19 22 24 25 26 27 30 31 32 35 38 40 43 44 46 47 48 49 50
2 4 5 8 10 11 12 15 16 17 19 21 22 23 24 27 28 30 33 34 35 37 39 40 46 47 48 49 50
1 2 3 4 7 8 9 10 12 13 14 15 16 17 18 19 20 21 22 23 24 25 26 27 29 31 32 33 34 35 36 37 38 39 40 41 42 43 44 46 47 48 49 50
4 11 21 22 25 26 29 32 33 34 36 41 44 46 48 50
2 8 36 50
3 4 6 7 8 10 11 14 15 16 17 19 20 28 29 30 31 33 39 40 45 46 47 49
2 3 5 7 8 10 12 15 16 18 19 22 26 28 29 34 35 36 38 40 41 43 45 46 50
1 3 4 5 7 8 9 10 11 12 13 14 15 16 17 18 20 22 23 24 25 26 27 28 29 30 31 32 33 34 35 36 37 38 39 40 41 42 43 44 45 46 47 48 49 50
1 2 3 4 5 6 7 8 9 10 11 12 13 14 15 16 17 18 19 20 21 22 23 24 25 26 27 28 29 31 32 33 34 35 36 37 38 39 40 41 42 43 44 46 47 48 49
2 5 6 7 10 28 29 30 34 37 38 44 46 49 50
1 2 4 6 9 10 11 12 15 16 17 18 19 20 21 22 27 28 29 32 33 34 36 38 39 40 45 46 48 49 50
2 4 5 8 14 16 18 19 20 21 23 24 26 31 34 43 46 48 49
1 3 5 7 10 16 21 28 29 31 32 36 38 40 41 44 46 47
1 2 3 4 5 6 7 8 9 10 11 12 13 14 15 16 17 18 20 21 22 23 24 25 26 28 29 30 31 32 33 34 35 36 37 38 39 40 42 43 44 45 46 47 48 49 50
3 7 8 10 11 12 14 25 26 34 38 41 43 44 50
2 3 4 5 6 8 9 10 11 12 13 14 15 16 17 18 20 22 24 25 27 28 29 31 32 33 34 35 38 39 40 42 44 49 50
1 2 3 4 5 7 8 9 10 11 12 13 14 15 17 18 19 21 22 24 25 26 27 29 32 33 34 35 36 40 41 44 47 49 50
32
-32 -21 -28 34 -14 16 35 37 7 24 -35 29 3 -32 -17 -8 -9 -31 -46 -27 -43 1 1 30 -18 -49 0 24 25 27 28 8 -19 22 30 7 -31 -50 -43 -31 -24 -10 12 -42 -29 -41 44 -15 29 -20
-47 11 -38 -26 -27 -35 15 36 -31 -48 -25 22 21 35 30 44 -42 45 34 6 -5 34 48 47 6 -30 29 31 -43 14 -23 -8 -50 9 -12 -39 25 31 -32 31 3 -17 35 -10 5 -39 12 46 -21
48 -9 44 45 -28 11 -49 -10 23 -28 -32 9 40 -45 5 12 -40 -2 -18 -14 14 -9 49 -18 48 -3 43 -49 37 -11 -35 -46 -12 25 26 12 -46 -18 -1 -44 43 -14 46 -36 38 -19 -20 -49
-18 15 -17 47 22 34 -45 7 31 48 -47 16 -6 30 47 34 -5 -44 39 10 -46 40 -34 10 29 -38 43 -46 -23 19 -3 -18 -24 38 -31 23 11 -43 11 -18 -21 2 -6 -31 -7 14 -39
-4 31 38 40 45 16 -25 -39 18 -23 -1 -12 -48 11 41 19 45 50 -19 16 46 22 -15 -25 -22 39 -27 10 -8 2 4 -35 33 -39 11 -22 -24 45 -44 1 -5 21 -6 -24 -4 47
-34 -33 -37 5 32 -47 9 -18 6 5 32 -48 9 -17 16 40 39 -7 -1 -37 -48 1 -3 43 46 -6 19 -27 -31 42 -16 -6 -10 -36 -40 -16 -25 -48 22 -8 46 6 22 43 13
12 11 31 -1 -6 -1 -14 7 -50 -5 29 4 -10 -28 -36 17 6 24 -37 -6 0 46 1 39 19 32 21 -19 5 -12 -45 -39 11 29 -43 -48 31 -41 44 5 -17 22 5 -24
29 27 46 31 -26 -28 0 -42 41 0 1 -46 -37 3 28 6 -37 -23 49 26 -5 35 36 40 -26 -34 -48 -29 -15 -26 4 30 17 -23 15 -11 37 -47 38 -19 14 34 19
-40 -12 -40 36 -43 24 20 34 -36 7 -8 -10 -21 36 -10 0 -49 -27 -24 42 -15 5 5 -35 36 49 8 13 23 -5 6 -49 26 -14 16 -42 9 -48 1 27 23 -41
16 -28 2 -47 6 23 -47 -25 -47 30 34 -41 23 33 23 -34 -12 -31 35 -23 -3 49 -23 43 -22 25 33 -24 -33 4 17 17 9 -8 -49 46 -13 15 2 -33 -26
-38 -16 13 -22 38 -42 -27 0 -16 26 -19 37 -47 7 21 -32 -24 36 33 7 -47 9 -16 -46 -1 -17 -38 49 -5 20 42 -7 -6 33 -47 -44 -38 47 -35 7
24 34 -22 34 37 32 -30 -50 -23 7 18 14 -10 28 -15 7 13 3 36 9 8 -18 15 -32 31 45 27 -15 39 36 -46 -13 6 13 -48 -50 17 -46 -24
50 22 3 31 -27 21 -27 24 -43 -38 22 33 20 -47 13 -44 14 -41 -27 27 33 4 -41 -35 13 19 -10 -18 -26 -16 -40 -39 4 -6 7 15 17 -39
-25 -28 -46 44 -11 19 35 18 37 1 -17 -16 13 50 -47 1 18 21 -4 -28 -46 -23 -7 -43 -32 4 -35 31 -11 -41 26 -19 42 -15 17 7 -10
5 26 -33 -12 30 -41 30 -12 -49 -37 -43 25 18 43 -37 -28 24 -12 49 -39 -3 -1 -34 -2 24 -20 35 10 -23 -3 -19 -42 1 33 -31 32
31 -42 6 -14 -25 -2 -9 30 8 26 27 47 47 7 -41 4 47 47 -12 -41 -32 -15 -18 -4 21 19 -15 34 42 43 -22 -42 -39 -36 -45
25 50 44 -48 -35 34 -44 39 -2 -30 46 32 -40 5 -37 -16 26 17 44 12 8 -42 20 16 20 27 -50 38 -47 1 37 -1 -40 26
-47 -37 -35 33 -19 -37 50 9 18 45 15 -42 38 16 5 41 -4 -25 15 -7 9 -25 8 -19 -13 -36 -48 -18 -33 31 -1 37 42
29 -46 25 45 43 47 19 -4 35 44 18 -30 -20 -34 4 -26 -32 -42 -29 -11 24 -39 1 -42 -11 -2 48 -18 37 -11 28 -27
-14 -3 -40 -9 7 46 29 31 -39 13 20 41 -7 -42 -45 45 -27 41 -39 -19 -48 35 -47 47 -29 28 -47 -8 -10 26 2
39 32 -36 21 8 -16 0 -43 0 30 3 28 26 -22 -22 -44 8 38 -38 50 17 45 -16 -24 41 -12 25 -23 44 -24
-2 18 37 -1 25 19 -40 11 2 -26 -32 -4 26 -3 -31 -13 32 45 41 -21 -47 -15 -50 17 15 -44 -14 -10 -5
20 -11 50 -33 -30 -40 -36 44 -3 38 -50 6 -26 -33 19 44 23 2 41 -18 -20 -7 -42 -34 35 -4 -19 20
-15 28 -26 49 24 8 -24 -30 -45 50 -10 -1 0 24 28 32 -50 -46 23 37 26 -23 28 -28 -49 17 -49
40 -41 -44 -23 -50 44 -32 -49 29 -26 -33 -38 45 -39 -21 44 14 2 -41 33 -47 14 -6 -1 47 37
-31 -39 38 32 10 2 28 22 -45 16 -20 -35 25 17 -32 2 -41 3 6 -30 22 24 11 34 -13
-24 -7 -19 2 6 3 -32 23 17 29 -22 38 49 49 -34 41 -18 10 46 -40 -19 49 -28 -5
-3 0 8 -46 9 47 14 -22 -46 -25 -2 15 -35 26 22 32 -40 37 -11 -15 47 17 -47
-12 -34 -28 -6 -46 -11 -50 23 34 -26 -11 40 3 31 -46 -36 -34 1 -12 29 -6 23
-39 -1 -4 41 -34 9 -1 6 11 20 -40 16 23 39 30 -8 7 48 -32 -48 0
-19 -5 -23 27 -41 -26 -34 50 46 -4 -48 -45 -18 -21 -40 24 -34 37 -36 19
-45 1 -42 -45 39 -22 6 -49 16 -49 48 -16 -39 42 40 -1 -21 -36 26
42 22 -3 32 7 48 -30 34 20 30 -46 -50 -21 -2 -45 16 -42 -6
32 -7 39 -28 26 -6 31 -6 16 -8 50 10 33 46 -40 23 -13
-36 22 45 -27 19 -5 12 28 29 -40 -49 1 27 -17 -26 -43
19 18 9 11 41 4 6 -41 47 45 -48 -27 31 -17 -27
-40 -25 -36 -46 2 -13 -22 -50 27 45 34 27 -46 36
-43 -31 28 50 16 -50 -50 23 5 42 -41 10 -14
44 17 -22 13 -24 -25 -1 33 36 17 30 44
-22 -19 44 -20 42 2 14 35 -48 -30 -38
-2 16 0 35 -45 19 23 13 32 -35
40 -21 8 5 16 41 13 -9 -4
44 40 42 -28 42 38 21 18
15 5 -18 -34 43 4 -3
-7 -21 -18 -19 -45 36
-22 20 26 -1 -14
-24 -39 33 40
-19 -32 -49
-50 29
16