100
79 85 22 49 11 44 86 56 41 23 45 63 74 95 63 29 76 55 36 19 74 98 38 11 9 84 95 15 63 81 49 41 27 100 5 98 97 44 83 69 22 33 25 52 60 98 77 53 52 10 45 47 88 53 17 15 62 85 92 67 85 43 56 93 79 47 32 3 76 57 91 20 29 47 44 57 56 19 58 50 68 22 95 88 23 66 55 46 64 71 19 55 39 27 97 85 29 23 20 49
1 2 4 5 6 7 8 9 10 11 13 14 16 17 18 19 20 21 22 23 24 25 26 27 28 29 30 32 33 34 35 36 37 38 39 40 41 42 44 45 47 48 49 50 51 52 53 54 55 56 57 58 59 62 63 67 70 71 72 73 74 78 79 81 82 83 84 85 86 87 89 90 91 92 93 94 96 97 100
1 2 3 4 5 6 7 8 9 10 11 12 14 15 16 17 19 20 22 23 24 25 26 28 29 30 31 32 33 34 35 36 38 39 40 41 44 45 46 47 48 49 52 53 55 56 57 58 59 60 61 62 64 65 66 67 68 69 70 71 72 73 74 76 77 78 79 81 82 83 85 86 87 88 89 90 91 92 93 94 95 96 97 99 100
7 17 23 26 36 41 52 53 54 60 63 64 68 70 75 76 77 78 80 83 87 89
2 6 7 10 13 15 16 17 20 21 23 25 26 29 31 33 34 36 37 38 39 40 43 46 47 48 49 52 56 57 58 61 62 63 65 66 69 70 71 72 73 75 78 79 81 87 88 93 95
1 14 15 44 47 53 66 71 74 79 91
1 3 8 9 10 13 15 17 19 20 21 23 26 29 30 31 32 33 35 38 42 45 46 49 51 53 55 57 58 59 61 63 65 66 69 70 71 73 83 84 87 95 97 98
1 3 4 5 6 7 8 9 10 11 12 13 14 15 16 17 18 19 20 21 22 23 24 26 27 28 29 30 32 33 34 35 36 37 39 40 42 43 44 45 46 47 49 51 53 54 56 58 59 60 61 62 63 64 65 66 67 68 69 70 71 72 73 74 76 77 78 79 80 81 82 83 84 85 86 87 88 90 91 92 93 94 95 98 99 100
2 3 5 6 11 13 15 20 23 26 27 28 32 35 36 37 38 39 41 42 43 44 45 47 50 51 52 53 55 56 57 58 60 61 66 68 69 71 73 75 77 80 83 84 85 87 90 91 92 93 94 95 97 98 99 100
1 2 3 5 6 8 10 16 18 25 26 28 32 33 35 36 38 40 43 48 53 54 56 57 58 59 61 66 69 70 72 74 75 79 80 82 83 89 92 97 98
7 13 14 19 21 23 25 36 37 42 46 51 54 58 72 75 80 81 83 85 87 88 90
2 3 4 5 9 12 19 20 24 25 26 27 28 29 30 32 33 36 41 42 43 45 54 56 58 59 60 61 63 65 68 71 72 73 77 78 79 80 82 86 89 90 94 95 96
1 5 6 7 8 12 13 14 16 17 19 22 23 24 25 27 28 30 31 33 34 35 37 38 39 41 42 44 47 48 49 50 51 52 53 55 56 58 59 61 62 63 65 67 69 72 74 76 77 78 79 81 82 83 85 86 87 88 89 90 94 96 97
1 4 7 8 10 11 12 13 14 15 16 17 18 19 21 22 23 24 26 27 28 29 30 32 37 38 40 41 42 43 44 45 46 47 48 49 50 51 52 54 55 56 57 58 59 61 63 64 65 66 69 70 71 73 74 75 76 77 79 80 83 85 86 87 88 89 92 93 94 95 96 97 99 100
1 2 3 4 5 6 7 8 10 11 13 14 15 16 17 18 19 20 21 22 23 24 25 26 27 28 29 30 31 32 33 34 35 36 37 38 39 40 41 42 43 44 45 46 47 48 49 50 51 52 53 54 55 56 57 58 59 60 62 63 64 65 66 67 68 69 70 71 72 74 75 76 77 78 79 80 81 82 83 84 85 87 88 89 90 91 92 93 94 95 96 97 98 99 100
1 2 3 5 7 8 10 11 15 16 21 22 24 25 26 28 30 31 32 34 36 37 38 41 42 43 45 46 50 51 53 54 55 59 60 61 63 64 68 70 71 72 73 74 76 77 79 80 81 83 84 85 87 90 92 93 94 95 96 97 98 99 100
5 6 8 18 21 23 30 31 33 34 41 42 43 44 45 46 48 49 51 59 66 69 70 71 73 74 82 83 96
1 2 3 4 7 8 10 11 13 14 15 17 18 19 20 21 22 24 26 27 28 29 30 32 33 34 35 36 37 38 40 44 46 47 48 50 51 52 56 58 59 60 61 63 64 65 66 67 68 69 70 71 72 73 74 75 76 77 78 79 80 81 83 85 86 88 89 90 92 93 94 96 97 98 99 100
2 4 7 11 13 14 16 18 19 22 25 30 31 34 35 36 37 38 39 40 41 43 44 46 50 52 53 54 55 58 59 60 62 64 65 67 69 70 74 75 76 78 79 81 84 88 90 91 92 93 94 96 97 98 99
1 3 6 12 17 18 24 26 27 29 30 34 36 38 43 47 48 52 56 57 58 59 61 63 67 68 72 81 82 87 89 92 93 94 96 97
1 3 4 6 7 14 29 37 41 54 59 63 67 71 73 76 88 90 94
1 2 3 4 5 6 7 8 9 10 11 12 16 17 18 19 21 23 24 26 28 29 31 32 33 35 37 39 40 41 42 43 44 45 46 47 48 49 50 51 52 54 55 56 57 58 59 60 61 63 64 65 66 67 68 69 72 73 74 75 76 77 80 83 87 88 89 91 92 93 94 96 97 99
1 2 4 5 6 7 8 9 10 11 12 13 14 15 16 17 18 19 20 21 22 23 24 25 26 27 28 29 30 31 32 33 34 35 36 37 38 39 40 41 42 43 44 45 46 47 48 49 50 51 52 53 54 55 56 57 59 60 61 62 63 64 65 66 67 68 69 70 71 72 73 74 75 76 77 78 79 80 81 82 83 84 85 86 87 88 89 90 91 92 93 94 95 96 97 98 99 100
1 2 3 12 16 17 19 22 25 26 30 32 37 38 41 43 47 56 59 60 62 63 64 69 73 74 76 77 78 79 85 87 89 90 91 94 97 99
10 17 20 45 47 54 56 68 69 73 82
2 21 23 35 53 72 80 83 95
1 2 3 4 5 6 7 8 10 11 12 13 14 15 16 17 19 20 21 22 23 24 28 29 30 31 33 34 35 36 38 39 40 42 43 44 45 46 48 49 50 51 52 53 54 57 58 59 60 61 62 63 64 65 66 67 68 70 73 74 75 76 77 78 79 80 81 82 83 84 85 86 87 88 89 91 92 93 95 96 97 98 99 100
1 2 3 4 5 6 7 8 9 10 11 12 13 15 16 17 18 19 20 21 22 23 24 25 26 27 28 29 30 31 32 33 34 35 36 37 38 39 40 41 42 43 45 46 47 48 49 50 51 52 53 54 55 56 57 58 60 61 62 63 64 66 67 68 69 70 71 72 73 74 75 76 78 79 80 81 82 83 84 85 86 87 88 89 90 91 92 93 94 95 96 97 98 99 100
2 4 14 17 18 30 33 55 59 73 80 87 88 90 96
1 4 7 8 10 11 16 17 18 19 21 22 23 25 26 28 31 32 33 34 35 36 37 40 41 42 43 44 46 49 50 51 52 54 55 56 57 58 60 61 63 64 65 66 67 68 71 72 73 74 76 79 80 83 84 86 88 89 90 92 95 98 100
1 2 3 4 5 6 7 9 10 11 13 14 16 17 19 20 21 22 23 24 25 26 27 28 29 30 31 32 33 34 35 37 38 39 41 42 43 44 46 47 48 49 50 51 53 55 57 58 59 60 61 63 65 66 67 68 69 72 73 74 75 76 77 78 80 81 82 84 85 86 88 89 90 91 92 93 96 97 98 99 100
4 5 6 8 9 12 13 14 20 23 24 25 26 28 31 32 33 34 35 36 37 43 44 46 49 50 51 52 55 56 59 62 63 66 67 68 69 70 71 73 77 81 83 84 85 86 89 93 94
1 2 10 13 17 20 22 24 27 28 29 33 37 41 47 50 53 56 57 59 60 61 66 67 69 71 74 80 82 83 84 87 88 89 90 94 95 96 98 99 100
5 7 12 18 19 20 25 27 28 32 43 47 51 55 57 58 62 63 66 70 75 81 91 94 98 99 100
1 2 3 4 5 6 7 8 9 10 11 12 13 14 15 16 17 18 19 20 21 22 23 24 25 26 27 28 29 30 31 32 33 34 35 36 37 38 39 40 41 42 43 44 45 46 47 48 49 50 51 52 53 54 55 56 57 58 59 60 61 62 63 64 65 66 67 68 69 70 71 72 73 74 75 76 77 78 79 80 81 82 83 84 85 86 87 88 89 90 91 92 93 94 95 96 97 98 99 100
2 6 8 17 56
1 2 3 4 5 6 7 8 9 10 11 12 13 14 15 16 17 18 19 20 21 22 23 24 25 26 27 28 29 30 31 32 33 34 35 36 37 38 39 40 41 42 43 44 45 46 48 49 50 51 52 53 54 55 56 57 58 59 60 61 62 64 65 66 67 68 69 70 71 72 73 74 75 76 77 78 79 80 81 82 83 84 85 86 87 88 89 90 91 92 93 94 95 96 97 98 99 100
1 2 3 4 5 6 7 8 9 10 11 12 13 14 15 16 17 18 19 20 21 22 23 24 25 26 27 28 29 30 31 32 33 34 35 36 37 38 39 40 41 43 45 46 47 48 49 50 51 52 53 54 55 56 57 58 59 60 61 62 63 64 65 66 67 68 69 70 71 72 73 74 75 76 77 78 79 80 81 82 83 84 86 87 88 89 90 91 92 93 94 95 96 97 98 99 100
5 9 10 12 19 20 21 26 27 29 36 37 40 41 44 47 48 50 51 54 56 57 58 59 60 62 66 67 68 71 75 76 78 80 81 82 84 87 88 89 95 97 99 100
1 2 3 4 6 7 8 10 11 12 13 14 15 16 18 19 20 21 22 23 24 25 26 27 28 29 30 31 32 33 34 35 36 37 38 39 41 42 46 47 48 49 50 51 52 54 55 56 57 58 59 60 61 62 63 64 65 66 67 69 70 71 72 74 76 77 79 80 81 84 85 86 87 89 90 91 93 94 95 96 97 99 100
1 5 6 8 9 12 13 17 19 20 22 23 24 25 26 27 28 29 30 31 33 36 37 38 39 44 45 46 47 48 49 50 52 53 54 55 56 57 58 60 63 64 65 66 68 69 70 71 73 74 75 76 77 78 79 81 83 84 85 86 87 90 91 93 95 96 97 98 99
2 5 13 16 21 26 29 30 34 35 40 42 51 56 62 66 67 72 80 81 89 91
1 2 3 10 11 22 23 24 25 27 28 30 31 33 39 40 47 49 51 52 61 64 66 70 71 80 83 85 86 92 93 96 100
12 17 19 31 32 33 34 36 43 53 56 57 59 66 70 71 72 79 81 88 91 94 95 96 100
2 3 6 7 8 9 10 13 16 18 23 24 26 27 32 36 37 38 39 40 44 45 46 47 48 49 50 51 54 56 59 62 63 64 67 69 71 72 73 74 76 77 81 82 83 85 87 88 92 94 95 97
2 3 5 6 7 8 9 11 12 14 15 16 17 18 20 21 22 26 27 29 30 31 33 34 35 38 40 42 43 45 46 50 53 54 56 58 59 61 65 66 67 68 70 71 73 75 77 80 82 83 84 87 88 89 90 91 92 94 96 97
1 2 3 4 5 6 7 8 9 10 11 12 13 14 16 17 18 19 20 21 22 23 24 26 27 28 29 30 31 32 33 34 35 36 37 38 39 40 41 42 43 44 45 46 47 48 49 50 51 52 53 54 55 56 57 58 59 60 61 62 63 64 65 66 67 68 69 70 71 72 73 74 75 76 77 78 79 80 81 82 83 84 85 86 87 88 89 90 91 92 93 94 95 96 97 98 99 100
1 2 3 4 5 6 7 8 11 12 13 15 16 17 18 19 20 22 24 25 26 27 28 29 31 32 33 34 35 36 39 41 43 44 45 46 47 48 49 50 53 54 55 57 58 59 61 62 63 65 66 67 68 69 70 72 73 75 78 79 80 81 82 83 86 87 88 89 90 91 92 94 96 97 98 99 100
3 4 8 10 15 17 18 19 20 21 22 23 24 28 33 37 39 40 45 46 47 48 49 50 52 53 55 56 59 60 61 65 66 68 69 70 71 74 76 78 79 82 85 86 87 88 89 92 93 96 97 98 99
2 5 6 7 12 13 14 22 23 24 25 26 28 31 32 34 35 36 37 41 42 44 47 49 50 52 54 55 56 59 61 64 65 66 67 68 69 72 74 78 79 80 83 85 86 88 91 92 94 97 98 99
13 20 25 31 43 47 48 58 82 94
2 4 7 8 16 19 21 23 27 28 29 33 34 36 38 40 43 46 53 55 56 58 62 64 67 68 69 72 74 75 76 77 79 84 85 87 88 93 94 95 96 97 98 99 100
1 2 3 5 6 9 15 17 18 24 25 29 32 33 35 38 40 41 46 48 53 54 55 57 59 60 61 62 63 67 70 71 73 77 80 81 83 84 85 87 90 92 94 95 96 97 100
1 3 4 5 6 7 8 9 10 12 13 14 15 16 17 18 19 21 23 25 26 28 29 30 31 32 33 34 35 36 37 38 39 40 41 42 43 45 46 47 48 49 50 51 54 55 56 57 58 59 60 61 62 64 65 66 67 68 69 70 71 72 73 74 75 76 77 78 79 80 81 83 84 85 86 87 88 89 90 91 92 93 94 95 96 97 99 100
2 5 7 8 10 11 14 18 20 21 22 29 30 32 33 34 35 36 38 39 40 41 42 44 45 47 50 54 55 57 60 62 63 64 65 66 68 69 70 73 74 77 81 83 85 86 87 88 92 93 94 96 97
2 17 19 38 41 47 51 52 55 65 67 68 87 88 90 96 99
5 8 9 25 27 34 38 48 56 76 80 84 90 95 99
1 2 4 5 6 7 8 9 10 11 12 13 17 21 22 23 25 29 31 32 33 34 35 36 37 38 39 41 42 43 44 45 47 48 49 50 51 56 58 59 60 63 65 66 67 68 70 71 72 73 74 76 79 81 82 83 86 89 94 97 98 100
1 2 3 4 5 6 7 8 9 10 11 12 13 17 20 21 22 23 24 25 26 27 28 29 30 31 33 34 35 36 37 38 39 40 41 42 44 46 47 48 49 50 51 52 53 54 55 56 57 58 59 60 61 62 64 65 66 67 68 69 71 72 73 74 75 76 77 79 81 82 83 84 85 86 87 88 89 90 91 93 94 95 98 99 100
2 3 4 6 7 8 9 10 11 12 13 14 15 16 17 18 19 20 21 22 23 24 26 27 28 29 30 32 33 34 35 36 37 38 39 40 41 42 43 44 45 46 47 48 49 50 51 52 53 54 55 56 57 58 59 60 61 62 63 65 66 67 68 70 71 72 73 74 75 76 77 78 79 80 81 83 84 85 86 87 88 89 90 91 92 93 94 95 97 98 99 100
1 2 3 4 5 7 8 9 11 12 13 15 16 17 20 21 23 24 26 27 29 30 31 32 34 36 38 40 41 42 44 50 51 52 55 56 57 59 61 62 64 65 69 70 71 73 74 75 76 78 80 82 83 84 85 87 88 89 92 93 94 95 96 97 98 99 100
1 2 3 4 6 7 8 9 10 11 12 13 14 16 17 18 19 22 24 25 26 27 28 29 31 32 34 35 36 37 38 39 40 41 42 43 44 45 46 47 48 49 50 51 52 53 54 55 56 57 58 59 60 61 62 64 65 66 68 69 72 73 75 76 77 78 79 80 81 82 83 85 86 88 89 91 92 93 94 95 96 97 98 99 100
1 7 8 9 12 13 15 16 17 18 19 20 26 27 29 31 34 35 36 43 46 48 55 56 57 58 60 65 68 73 76 77 78 79 81 84 86 88 91 93 94 97 98
2 4 5 7 8 10 11 14 18 19 21 22 23 24 26 27 29 30 31 33 34 38 42 44 46 48 49 50 51 52 53 54 56 57 59 60 62 63 65 68 69 71 72 76 77 78 82 83 85 89 92 93 94 96 98 99
1 2 4 5 6 7 8 9 10 11 12 13 14 15 16 18 19 20 21 22 23 24 25 26 27 28 29 30 31 32 33 34 35 36 38 39 40 41 42 44 45 46 47 48 49 50 51 52 53 54 55 56 57 58 59 60 61 62 63 64 65 66 67 68 69 70 71 72 73 74 75 76 77 78 79 80 81 82 83 84 87 88 89 91 92 93 94 95 96 97 98 99 100
1 3 4 5 6 8 9 10 11 12 13 15 16 17 18 19 21 22 23 25 27 28 29 30 31 32 34 35 37 39 40 41 42 43 44 45 46 47 48 50 51 52 53 54 55 56 58 59 61 62 63 64 66 67 69 70 71 72 73 75 77 79 80 82 83 84 85 86 87 88 89 91 92 94 95 96 98 99 100
1 2 3 5 6 7 11 12 13 20 21 22 26 29 30 32 35 36 38 40 42 43 44 51 53 54 56 57 58 59 64 67 71 72 74 75 76 77 80 83 85 86 87 88 89 90 96
2 3 5 6 8 11 14 16 26 29 35 36 45 47 48 52 57 68 69 71 74 75 81 82 84 85 88 92 93 94 96 98
12 20 44
1 2 3 5 6 7 8 9 11 12 15 16 17 18 20 21 22 23 24 25 26 27 28 29 31 32 33 34 35 36 37 38 40 41 42 43 45 46 48 49 50 51 52 53 54 56 58 59 60 61 63 64 67 68 69 70 72 73 75 76 77 79 80 81 82 85 86 88 89 90 91 93 94 96 98 100
1 2 3 5 6 14 15 17 20 21 24 25 26 27 28 29 32 33 35 36 37 38 39 40 42 43 44 47 51 52 53 54 57 58 59 60 62 63 64 67 69 70 71 74 75 76 77 80 84 85 88 90 91 92 94 95 98
1 2 3 4 5 6 7 8 9 10 11 12 13 14 15 16 17 18 19 20 21 22 23 24 25 26 27 29 30 31 32 33 34 35 36 37 38 39 41 42 43 44 45 46 47 48 49 50 51 52 54 55 57 58 59 60 62 63 64 65 66 67 68 69 70 71 72 73 74 76 77 78 79 80 81 82 83 84 85 86 87 89 90 91 93 95 96 97 98 99 100
1 11 19 21 22 23 30 37 44 46 57 61 63 69 73 79 84 86 87 96
2 3 8 14 16 25 29 30 32 34 38 41 46 47 56 60 65 66 69 70 71 74 76 78 85 88 91 97 99
1 3 5 6 10 11 12 13 14 15 16 17 20 21 24 26 27 28 29 30 31 38 39 46 47 50 51 52 53 56 59 64 65 67 68 71 74 75 77 80 82 83 87 90 91 93 95
2 3 4 5 6 13 15 16 20 23 24 25 26 29 30 32 35 36 37 38 42 47 48 49 50 55 58 60 66 68 69 73 74 75 76 80 81 83 86 89 90 91 94 97
1 2 3 4 5 6 7 8 11 12 15 16 18 19 20 21 22 24 26 27 28 30 31 36 38 39 40 44 45 47 48 55 56 57 58 62 63 64 65 67 68 70 72 75 76 79 82 86 87 88 89 90 91 95 96 98 99
3 5 6 8 9 10 12 13 14 16 18 19 20 22 23 25 26 28 29 30 31 32 34 37 38 39 40 42 43 48 49 52 53 56 57 58 60 63 64 68 71 74 75 77 78 82 83 85 86 91 92 93 95 96 97 98
2 8 11 14 16 19 28 42 45 47 55 75 81 84 85 86 91 92 99
1 2 3 4 5 6 8 9 10 11 13 14 15 16 18 20 21 24 25 26 27 31 32 33 36 37 38 42 43 45 51 54 55 60 63 64 65 68 69 71 73 74 75 76 77 81 82 84 85 87 88 89 90 91 92 93 94 96
2 3 4 5 6 10 11 16 21 23 25 26 27 28 29 32 35 37 39 40 41 42 43 45 47 48 52 53 55 56 57 58 59 60 62 65 66 67 70 72 73 76 82 83 85 89 90 92 95 99
2 3 5 8 12 14 15 17 18 19 22 24 25 26 29 30 31 32 33 34 37 38 39 40 41 42 43 44 45 47 50 51 53 54 55 57 58 59 60 63 64 65 66 67 68 72 74 75 76 78 79 80 81 82 83 84 85 86 87 88 89 90 91 93 96 97 98 100
2 5 9 10 11 24 25 35 38 39 40 43 45 46 56 63 69 78 80 89 91 95
1 2 3 4 5 6 7 8 9 10 11 13 14 15 16 17 18 19 20 21 22 23 24 25 26 27 28 29 30 31 32 33 34 35 36 37 38 39 40 41 42 43 44 45 46 47 48 49 50 51 52 53 54 55 56 57 58 59 60 62 63 66 67 68 69 70 71 72 73 74 75 76 77 78 79 80 81 82 83 84 85 86 87 88 89 90 91 92 93 94 95 96 97 99 100
2 3 4 5 6 7 8 9 11 12 13 14 15 16 17 18 19 20 21 22 24 25 26 27 28 29 30 32 33 34 36 37 38 39 41 42 43 44 45 46 48 49 50 51 52 53 54 55 56 57 58 59 60 61 62 64 65 66 67 68 69 70 71 73 75 76 77 78 79 80 82 83 84 85 86 87 88 89 90 92 93 94 95 96 97 98 99 100
1 8 12 15 20 22 38 48 52 55 58 63 65 71 72 75 76 78 79 84 87 89 97
1 2 3 5 7 8 9 11 12 16 17 18 19 20 21 22 23 24 25 26 27 28 29 31 33 34 38 39 40 41 43 44 45 46 47 48 52 53 54 55 57 59 60 61 62 63 65 66 67 68 69 70 71 72 78 79 80 81 83 90 91 95 97 98 99 100
1 2 3 5 7 8 9 11 13 14 15 16 17 18 20 24 25 26 28 29 30 31 32 35 38 39 40 42 46 49 50 53 54 56 62 63 64 65 69 70 72 73 74 78 79 81 82 84 85 86 88 90 93 96 99
1 3 4 7 9 12 13 14 16 18 19 22 23 29 35 40 44 46 52 53 54 55 56 58 59 62 63 64 65 71 72 74 75 78 79 80 83 85 86 87 88 90 91 94 95 97
2 3 9 10 13 14 15 16 17 18 21 23 24 25 26 27 28 29 30 32 33 34 35 36 38 39 40 42 44 45 46 47 48 49 50 51 52 54 55 59 61 62 64 65 66 67 68 70 73 74 76 78 80 81 82 83 84 85 87 89 92 98 99 100
1 2 4 6 7 9 12 14 15 17 18 19 20 23 24 25 26 27 28 30 31 33 34 35 38 39 40 41 42 43 44 45 46 47 49 51 53 54 55 56 58 59 60 62 64 66 67 69 71 72 73 74 75 78 79 80 83 84 85 86 88 89 90 92 93 94 96 97 98 99 100
8 11 13 14 19 26 31 32 37 38 42 47 48 63 64 70 76 82 100
2 4 5 6 11 12 13 15 16 17 18 19 20 21 24 25 26 28 30 32 34 35 36 37 41 42 45 46 48 49 50 51 53 54 56 57 58 60 61 65 66 67 73 74 77 79 80 83 84 88 91 93 94 98 100
1 2 3 4 9 13 16 19 20 23 25 27 30 32 33 40 45 51 52 53 54 57 59 61 63 64 65 69 70 78 79 84 86 88 89 91 95 96 98
1 3 8 11 12 23 24 39 43 44 45 47 52 57 59 65 67 69 70 72 74 82 83 91 95 96 97
1 2 3 4 5 6 7 8 9 11 12 13 14 15 16 17 18 19 20 21 22 23 24 25 26 27 28 29 30 31 32 33 34 35 36 37 38 40 41 42 43 44 45 46 47 48 49 50 51 52 53 54 55 56 57 58 59 60 61 62 63 64 65 66 67 68 69 70 71 72 73 74 75 77 78 79 80 81 82 83 84 85 86 87 88 89 90 91 92 93 94 95 96 97 98 99 100
1 3 4 5 6 7 8 9 11 12 13 14 15 16 17 18 19 20 22 23 24 25 26 27 28 29 31 32 33 34 36 37 38 39 40 41 43 44 45 46 47 48 49 50 51 52 53 54 55 57 58 59 60 61 62 63 64 65 68 70 72 73 74 75 76 77 78 79 80 82 83 86 87 88 89 90 91 92 93 95 96 97 98 99 100
1 2 5 7 8 9 11 22 25 33 35 36 38 42 48 49 58 60 62 63 64 70 75 76 78 84 85 87 88
1 3 9 10 23 26 31 34 39 47 57 61 67 69 71 74 75 76 84 87 89 94 99
2 10 16 18 28 37 48 50 57 58 59 63 66 71 76 83 88 94 95 98
1 2 4 5 6 10 18 20 21 22 23 24 25 26 28 30 33 35 38 40 43 47 49 51 54 55 58 59 60 62 64 66 67 71 72 73 74 75 80 81 82 86 88 89 90 91 93 95 99
-1 -69 -23 47 -24 -68 49 -77 97 -62 -38 -55 29 28 84 11 -87 -62 43 -32 -3 -6 91 80 69 21 73 -46 74 98 -96 -42 -78 23 85 28 -71 -85 -32 -45 -51 -48 -69 38 99 -71 -100 -92 38 7 97 -58 -99 78 -81 63 71 20 89 -89 27 -28 0 28 -45 7 -20 -32 -65 29 57 84 77 17 73 86 -68 70 32 3 91 83 -53 17 6 -57 -72 54 76 -1 -16 -90 -89 -31 -16 -80 17 -89 -38 26
92 45 34 -100 -35 11 -9 -87 72 21 81 -79 37 52 -32 81 21 9 -98 -87 -56 -71 76 63 -89 -4 -62 -94 2 76 33 -34 -89 40 -44 40 -63 47 -71 -99 -11 -74 -36 -92 35 60 -79 66 29 -53 -95 -41 -94 65 10 24 -83 43 -2 -97 71 -47 -80 49 -97 -27 -63 63 82 55 -47 75 40 -45 56 -72 -66 64 26 86 53 17 2 18 45 75 -62 -75 -30 55 95 13 5 -18 -27 -16 -53 76 78
7 -99 99 -13 -80 67 -28 -95 -13 44 89 35 -13 -46 54 61 39 6 -42 -87 -59 -48 34 -65 73 94 80 80 -55 -19 -56 13 82 -40 -33 86 -13 -49 5 -60 -88 90 -7 61 -52 -53 81 -80 -15 66 59 -97 29 -81 -16 90 -5 -42 5 -29 65 26 -32 26 43 15 -94 47 -88 -4 52 36 70 9 -53 16 91 85 74 14 25 96 -6 -1 -82 19 5 2 23 81 -14 38 72 -54 4 31 -33 -18
-67 -13 88 60 70 67 -23 83 69 -60 -7 -60 -23 36 -5 -72 -26 -58 -56 -45 82 -20 63 -17 34 1 -88 -39 81 -81 -46 89 75 -57 -91 12 -30 -95 69 -86 100 76 78 -89 64 -68 22 -32 12 -13 -2 71 9 -68 -89 94 -16 64 -42 -70 -97 -34 82 3 -71 -42 -95 -40 23 3 -98 28 12 74 66 13 3 94 39 -53 -44 83 96 1 79 -58 -22 -70 58 -88 15 2 -55 -90 -47 -1 -45
46 42 -61 77 -77 73 75 99 -61 87 43 45 -9 89 90 -95 66 -42 49 -72 -92 56 -2 -31 28 -27 -92 52 -79 -28 35 27 24 -12 -91 19 91 -63 -89 -16 56 84 -91 54 -64 -23 96 22 16 67 36 72 57 91 -68 -64 76 -64 15 -49 51 -90 65 62 32 1 1 15 6 21 -55 -27 95 37 -1 59 19 -66 24 30 -82 21 -73 -49 47 -15 27 -37 -32 80 -100 -4 -55 72 67 -7
-31 -99 -36 -64 39 59 -74 -7 -56 -44 -8 83 -86 -55 -45 94 9 79 -96 68 92 -43 -19 -56 29 -71 94 2 94 85 -23 77 -53 53 -69 -17 -87 46 -41 5 54 77 -96 85 96 -23 -93 79 -69 77 30 74 94 -12 -98 44 -30 -53 38 37 55 27 29 100 73 -87 52 65 31 12 44 70 43 -88 78 -31 -87 28 0 70 -24 -51 -10 -90 28 -27 -39 55 70 -67 -60 -1 48 13 -21
-18 57 61 -73 -67 -83 -45 60 -48 -81 -85 90 -17 -25 53 -96 38 -55 -40 47 58 -91 61 81 -46 81 -21 30 12 -41 100 -85 -27 75 -3 -23 -39 87 5 -90 54 25 -89 -99 -13 -40 -57 98 -69 -13 11 82 -45 -88 -77 -59 -1 -57 38 92 -37 -82 -96 -57 42 6 -71 37 -9 92 40 -63 77 -16 -52 -60 5 72 -26 40 -64 -96 85 -32 14 -28 -66 -76 61 -15 66 33 40 -49
86 34 73 -86 -34 -56 3 47 16 -88 64 99 72 39 -80 30 -43 -46 -52 -97 -86 85 -90 100 -10 29 39 68 32 -7 20 95 89 -58 -66 85 -16 83 46 16 64 -57 -32 -96 48 80 -64 -31 88 -95 -49 -97 -70 45 10 -95 -39 -30 -22 94 -25 39 -15 -12 -36 -13 5 72 56 -14 66 -11 8 59 -63 21 52 -100 56 -84 -27 9 -44 -37 -7 46 -60 90 98 -88 53 25 53
19 -10 -65 -63 85 -49 81 -53 -38 57 -84 75 -82 28 24 86 74 -21 -10 -36 -44 -97 14 -3 -26 -14 15 90 -93 38 92 -95 -23 79 -10 9 50 56 59 -7 -92 -84 -79 -45 -63 67 36 43 96 -75 53 11 -89 2 -85 88 -67 -95 18 -90 -23 -46 -98 -61 -32 -97 -58 -65 -40 -80 -18 80 -90 -19 -52 -54 -10 83 76 -32 -51 4 -69 -53 -66 -19 -11 76 -37 61 40 55
-2 -93 97 88 4 -86 0 56 54 -15 84 42 85 -78 -19 -25 -70 72 82 98 -85 -51 63 89 21 -49 54 48 -61 38 -14 -57 -40 -100 -40 -21 75 30 -57 -88 48 34 36 5 -93 -89 38 95 -94 -68 30 -23 -18 49 11 -92 -61 43 9 -40 2 -12 -78 -100 -5 96 -33 85 14 10 -89 40 -89 44 -2 -58 55 -93 57 -54 -41 57 -1 60 85 65 -38 38 -40 -20 -85
13 86 68 -79 27 -99 -84 48 48 34 -81 39 -34 93 71 -73 -38 -70 68 -87 7 -73 -72 98 -71 86 3 16 -61 1 -43 -21 10 95 30 -98 49 68 -38 -58 -70 -91 69 -50 -12 48 39 49 -99 47 -24 -74 -97 -99 -83 88 -16 -22 2 36 -75 19 59 -54 -6 -62 -50 35 -63 55 35 -32 -95 31 -25 -18 47 -94 -9 -10 50 -91 30 -29 92 79 21 -1 1 -91
34 49 -62 -15 36 -44 -58 -20 23 -37 25 -2 40 -69 41 66 -75 100 54 -63 -20 78 -74 -30 -18 -43 26 -38 85 -16 -18 73 -34 -31 54 -34 -81 88 4 23 58 -43 18 89 -37 62 -96 30 18 -1 -36 -77 -43 30 -13 -3 26 81 -92 83 83 -35 -42 -96 -1 32 -62 33 29 40 38 -85 -5 51 76 62 -41 100 29 12 -43 -4 79 54 29 30 -28 13 -66
62 -34 60 72 1 -8 68 -6 -79 84 59 -27 88 -16 -61 -85 18 -94 -50 -78 20 -53 -80 -74 -32 20 -37 -50 -76 -62 -27 45 25 -42 -14 -69 -90 99 3 -26 27 98 -19 89 38 -14 -76 4 -53 -33 -88 -70 -23 -20 -77 -70 94 -53 0 11 48 -23 -70 22 2 100 -16 38 -91 55 90 42 3 -76 6 27 28 69 61 66 25 -100 -73 29 38 -74 48 92
45 75 52 77 -8 -29 90 54 53 2 -21 -38 -92 3 -97 66 56 -63 49 -79 26 -42 -63 -80 -75 -70 -50 -25 58 -56 51 -31 14 3 -78 12 -28 77 3 -19 5 72 64 63 -20 -19 -61 71 45 -38 35 -65 63 7 60 -33 74 99 -47 95 -15 -23 -26 16 80 -100 73 58 55 63 82 -24 73 -25 -13 -93 -16 -65 -89 -7 -33 86 76 59 -92 -8 -26
68 -51 -39 -24 -5 51 97 -46 -27 68 -35 79 -97 -58 -78 -77 -66 48 -93 24 -9 35 -4 87 -74 -46 -70 46 -86 -21 61 -13 -79 86 -43 7 97 16 1 76 50 -4 -21 15 -1 -89 31 -75 -22 82 100 -94 47 60 -83 -74 -12 50 -53 -14 -71 91 43 83 27 -30 -90 27 58 63 43 31 90 -91 -20 -89 58 -26 -10 26 -31 50 -10 64 -6 49
4 -81 -23 -95 71 3 33 -38 62 -22 15 83 -19 -96 -2 -82 95 -8 22 -76 -36 55 -15 75 -93 28 -5 -31 95 77 22 36 84 -47 92 -17 -77 -93 82 95 -58 72 47 -20 -97 -97 -57 -35 65 -85 78 65 95 64 30 -56 6 95 -57 2 -54 23 -65 -51 -31 82 18 -23 -43 -42 -80 -1 30 -8 -68 -28 96 42 -19 -41 95 47 31 15 6
83 78 59 19 52 -88 -100 5 -9 -41 -25 23 -99 -28 82 24 31 50 -97 -38 42 -95 93 19 53 46 67 28 -77 -34 55 40 -38 61 -26 29 89 -24 -23 -96 39 -80 -72 44 -95 -25 -78 50 100 42 97 34 -26 -93 35 -11 51 -5 -58 61 -79 -54 -27 -36 86 -77 -43 67 -57 12 -97 -37 79 62 -59 25 -100 66 43 -73 3 -19 22 -88
27 -62 -46 82 -89 50 -17 -32 51 -30 -1 -21 89 62 -50 61 -87 30 -24 -96 -20 74 -47 -18 -57 -12 80 -57 76 99 -61 56 69 39 67 20 -41 -87 -14 59 91 -86 -81 32 -14 -78 71 -63 -47 -65 47 -60 -56 42 28 -41 -94 -75 90 12 -10 29 84 49 76 -39 50 4 -60 70 91 42 -80 -99 -85 -63 70 -29 -35 -37 32 -82 60
-13 -19 -40 29 -100 -17 35 -67 -66 58 -52 10 -20 80 -53 -36 -5 -22 -49 -70 -74 23 -78 3 -90 -32 56 88 -66 -14 -54 -18 -64 17 -21 -70 -43 -60 95 -17 -24 2 -50 26 15 -11 -62 -4 50 87 12 4 98 48 62 -71 61 53 -84 -71 24 16 35 -63 73 -32 -13 22 -99 -47 -51 17 -89 82 92 -60 77 38 -24 32 -18 93
29 37 -18 -14 90 3 -94 98 -95 -5 -17 -7 89 -47 -2 19 -90 -1 39 -12 -54 33 -90 91 25 59 32 -14 8 40 -72 55 55 -43 75 -2 71 -35 20 61 6 -99 -69 50 -11 -43 0 90 -30 -21 51 -15 -29 -9 8 16 33 6 91 -53 52 -81 -33 12 -49 -79 28 25 -52 28 -57 -12 -66 -9 5 59 9 -35 -36 41 -30
-58 27 27 85 3 42 -85 64 -50 25 38 -52 29 -89 64 6 75 -55 34 -26 -100 -51 -31 22 5 74 12 -15 -94 -83 32 -30 -67 -49 -4 55 -52 17 -30 -95 -86 56 -6 90 34 52 -96 9 -49 31 65 76 87 20 -29 17 58 40 -95 -39 40 91 -99 -31 43 -27 24 73 73 10 91 99 -17 -52 -17 -72 -18 21 46 93
-23 61 -24 -9 81 -10 15 14 -2 -20 19 -15 -81 1 -24 94 -44 80 55 47 1 -56 93 -67 -67 -38 27 13 -12 79 90 -91 -62 -51 -94 37 -71 86 -75 43 -43 99 -76 -36 -91 -51 -60 80 -87 42 53 92 -33 70 -11 -15 -29 42 62 -61 -78 -59 -82 -74 -76 31 -11 -75 66 96 71 63 -82 -59 -76 -97 -58 -77 56
-66 -63 83 -91 40 -67 46 20 15 54 36 -99 22 -1 -65 -78 -55 -50 25 44 -69 21 -52 -41 -37 99 61 -34 -15 -64 -17 -34 -70 -96 -98 -83 -46 -99 -4 12 30 95 23 -59 -76 -74 -49 -28 68 -83 -67 38 88 -45 27 -7 -14 77 43 -98 -70 -52 -8 -24 -24 77 -73 39 40 -56 -79 19 9 -5 49 80 7 -45
2 32 19 -13 -84 -7 20 -21 11 49 -67 -32 -85 -57 69 67 -28 -29 -34 -8 -87 -11 68 -82 40 92 -56 72 31 -50 -55 -23 -65 -13 -54 33 -99 -6 36 -57 69 89 22 -2 -25 -75 -91 41 -30 -15 67 58 39 -58 -92 -20 -59 86 54 -39 76 42 -8 -75 34 -82 -44 -83 8 43 -70 -95 -98 14 -59 -57 6
36 -46 7 90 -67 30 84 -97 -38 -30 -58 -83 -12 60 -9 44 -9 17 -30 18 23 30 72 -12 15 -63 -2 -61 93 -70 61 -99 -29 -50 69 -2 -28 -74 -14 -65 -45 -45 -36 -65 27 33 53 -77 -27 89 83 92 65 41 0 92 -39 -57 -74 7 53 83 -90 -75 10 -80 23 -78 92 -10 43 27 85 -44 -9 -41
-91 1 -92 -26 39 -54 65 78 82 -7 43 4 -73 44 62 45 89 22 -87 -43 15 -11 -10 -82 82 7 69 3 12 -16 35 -29 2 65 49 -89 6 62 -32 69 -16 -98 73 87 96 -26 -17 61 16 -99 31 -63 -53 -54 71 84 55 92 0 -64 -4 59 28 -3 -71 -65 -40 -95 -68 -62 -88 -14 -3 75 31
-100 30 77 72 77 24 -63 -51 5 -89 -77 -66 -61 22 -13 91 34 -32 -38 49 78 64 -86 -27 -34 -59 0 84 -25 -81 -1 -53 -62 94 1 53 77 64 -60 -85 89 40 -3 -77 -90 33 65 -8 3 67 82 45 29 19 74 47 48 36 20 -85 49 -66 46 -82 43 0 27 76 -37 93 -39 57 -2 55
-60 -34 14 76 58 -51 46 -95 25 -23 18 93 -21 94 6 83 -96 -59 26 -95 1 -75 -16 -58 81 100 -74 -89 -76 87 -43 -69 -53 -89 -46 12 63 -50 52 -56 -85 66 53 -59 -29 -83 28 -44 -78 81 2 -61 93 -78 -44 -54 18 -25 6 -8 71 -5 -71 -51 -69 -92 -7 -33 -35 -4 88 35 -99
-66 24 44 23 0 1 72 -61 -73 -45 -31 90 68 -100 61 -32 41 -45 -70 -86 46 5 55 -90 -26 29 25 -28 -79 71 81 93 -44 54 -71 42 19 -77 33 40 87 63 3 -40 -49 -27 -90 20 -50 -72 28 18 98 -55 77 -88 -26 -59 13 -71 83 -65 -31 35 57 -50 69 -19 18 -68 -64 64
-57 -28 100 -44 73 -84 48 3 -71 -10 95 49 -37 7 18 -57 71 30 -48 -18 -47 -34 -43 41 19 17 94 -20 -77 -97 -69 6 -91 56 59 85 24 -7 97 -66 -64 -46 -25 -16 -30 -28 57 -35 5 -90 7 -82 -31 -46 6 13 86 -13 -16 61 -70 -29 70 -62 -11 -43 94 -34 -78 10 -97
4 33 -8 70 -3 43 -40 -65 -3 62 -20 -10 -24 95 -14 -66 -33 -1 -90 -29 5 55 64 24 28 63 66 -61 -94 40 -38 -94 -18 -2 25 -28 75 84 20 71 60 7 -9 -17 -78 -76 -32 60 60 -93 97 1 -43 -19 60 24 75 -48 29 87 70 25 72 67 29 -62 -73 61 31 -40
99 -79 -22 43 -28 -23 99 -48 83 -63 70 80 39 55 -39 3 -2 -43 89 39 -33 -23 -81 -98 66 -77 32 -81 -58 86 44 -51 61 -57 -19 -6 39 -77 -43 -53 -78 -4 1 -14 3 -7 -80 -31 67 -24 15 -6 -68 -68 -70 60 100 5 -49 89 -59 -19 32 4 36 -82 46 -84 -55
-26 21 -77 8 54 5 -70 -62 96 52 10 -7 -12 -91 -42 54 -29 75 57 -91 -28 -68 6 8 6 -9 52 88 20 -87 -19 8 83 -7 33 -40 -88 74 -14 -9 -80 -47 -20 76 63 -28 21 13 -27 -22 -87 -33 7 88 -75 -4 -23 -82 -97 93 39 -67 -55 -10 -40 12 44 -73
85 42 -45 -23 -32 3 20 -62 48 -78 95 -7 -43 -87 -95 -75 15 88 86 34 48 -58 90 -29 58 -97 75 -85 15 -42 32 17 19 -69 34 -22 -22 5 47 69 44 -57 26 19 81 79 6 95 19 -31 99 -5 -43 73 53 7 75 42 36 95 11 -23 -30 -15 -75 -5 -54
47 -2 -77 -85 76 49 -60 22 -66 -17 -65 -76 -74 -19 -81 -51 -64 5 -34 -42 -96 60 -20 -29 5 95 99 -96 16 82 -45 86 -25 -61 -47 55 81 20 48 -19 -38 -18 86 63 -41 -75 -24 -67 -5 -98 -4 49 50 -23 52 -70 -86 -15 83 50 -70 -87 87 -54 100 15
80 52 -10 90 20 -3 29 -6 -51 -49 -29 37 40 69 45 -39 69 65 -99 19 -45 76 -7 91 -41 69 36 18 22 -85 -57 -81 18 -90 49 22 61 92 37 54 -64 24 -69 -6 24 85 97 15 61 8 -86 58 13 3 74 -26 -74 99 79 -44 -10 -27 -10 54 -19
-67 -81 -75 46 -18 73 -29 -15 -29 57 55 -46 23 29 98 -11 -10 17 -65 12 -61 -87 99 -69 -63 74 36 -70 -75 80 -78 -13 74 29 -91 -53 26 -26 55 -79 -39 -78 57 16 -58 -99 50 78 19 -97 -7 -61 79 74 -64 7 37 -81 -15 89 64 -15 25 4
53 58 41 17 -43 -19 97 -8 -69 89 93 76 -90 -6 -61 16 0 -54 66 10 -29 52 -35 -90 41 -11 -71 67 3 -48 30 83 -78 19 -49 99 82 -84 85 45 -19 -41 -35 -80 -8 -77 55 46 22 -86 47 27 44 46 -12 28 -11 -49 6 -43 -31 29 48
90 59 -46 -11 -62 87 -70 97 93 -8 91 4 37 -15 17 -35 41 -48 14 15 96 -44 -87 8 12 82 -79 -53 89 10 26 27 69 -21 -77 -49 -74 -25 -41 100 -3 -68 -29 61 88 16 -8 11 1 45 76 -75 22 19 79 72 82 -31 37 -54 34 63
73 -22 -27 5 -38 20 93 -32 81 8 -5 -60 77 58 -93 70 -95 14 48 70 98 -83 -98 -53 -65 -19 -85 -57 -74 83 49 98 63 -38 27 -14 -69 76 37 93 -62 100 73 12 -68 2 -3 -93 -38 50 -71 93 83 -42 -32 35 86 -77 -40 -1 48
-81 -41 -69 12 -16 -60 -31 -7 3 -80 95 -7 58 31 -100 28 33 -8 -12 -29 -22 16 -63 92 13 91 -17 69 -17 -45 19 26 46 40 10 -15 96 -69 -42 53 38 -2 94 -28 -64 68 90 -82 -61 57 -20 69 -33 -46 92 -94 -80 -88 -74 -62
-80 -80 28 -86 -56 2 39 14 -25 25 -42 29 6 -65 68 29 43 82 -91 -50 10 -4 -13 -44 -44 50 10 50 9 81 17 -57 59 -11 -28 21 -87 -40 -47 -43 -82 92 90 13 -54 -59 7 50 -12 90 15 27 80 -99 67 -10 -96 98 98
-95 -35 -36 -86 -85 -49 58 -90 42 -25 -60 7 -58 -7 -1 -66 -83 3 92 -17 -99 53 -31 -73 -58 88 23 -80 34 -52 31 38 90 97 -39 -46 -49 27 -28 98 65 -6 -51 -89 -34 -73 55 -24 9 70 -92 96 -58 -56 -17 69 -74 -25
-31 26 30 96 70 -83 -60 -17 -75 -81 -87 11 -61 -21 89 -85 -15 -61 62 -10 -90 -23 53 61 -66 -15 8 -98 59 70 -46 96 -33 11 -62 67 64 95 -85 -59 93 -56 48 0 16 30 -92 -58 12 -41 -20 -82 23 99 -15 -31 -21
75 32 -56 36 -76 -80 70 -56 -7 -15 10 -40 76 18 -72 -57 39 -2 -64 -82 47 -99 59 83 31 -49 48 -10 70 42 -61 66 -38 -8 39 51 71 -20 -100 -16 84 85 -23 -99 -92 72 -19 45 -65 -67 31 -7 44 -37 86 2
-32 -23 64 63 -24 -72 -48 71 -74 -96 -14 -70 -65 82 -96 72 13 -85 37 -26 70 21 -83 -39 -44 5 7 -38 29 41 -56 100 62 54 80 -27 54 31 -76 -38 84 18 70 -18 -33 51 -35 -28 -69 76 1 30 -12 31 5
-100 4 -90 -75 -44 -43 81 -35 48 -77 -9 67 68 -32 60 9 74 -90 70 -85 -63 89 43 -79 -32 -77 82 75 62 53 -82 -24 -78 -90 79 54 49 78 -99 -41 16 -9 -57 -80 -41 -17 -65 -43 -53 -1 13 -93 -77 44
-49 59 58 -51 -8 -15 -9 80 80 36 27 56 76 -25 -76 87 -93 59 28 -37 28 63 26 21 -99 -13 -88 30 95 51 -14 38 -30 32 31 -16 -36 3 -47 -14 72 -15 -23 -87 -50 67 -16 40 40 67 85 -81 -88
81 92 59 61 48 38 -54 -3 -32 -75 79 46 -45 96 4 26 0 57 96 16 56 -98 10 35 69 -9 -13 3 27 88 29 -85 69 -35 34 -14 21 -52 30 -88 24 -60 -75 15 -48 58 63 7 -70 -13 -21 39
98 -28 75 -26 63 -7 77 25 23 31 -47 -37 -44 20 88 96 94 -21 9 -48 54 -30 74 -1 -34 -4 -4 -24 60 -34 -92 45 18 -88 74 94 -54 -33 -57 17 -33 -99 40 4 -8 -96 -65 -35 -51 19 86
40 10 -66 87 29 85 -33 51 -77 -83 25 -16 -11 89 99 -70 4 -53 -16 -21 -65 -72 61 64 27 13 -35 80 68 7 -68 -23 36 25 80 -14 45 30 23 64 54 87 49 83 38 -23 -17 -8 8 77
-18 92 -45 91 63 69 -33 -74 -8 88 -5 43 -26 66 -73 83 16 45 -85 -5 78 -57 98 -65 39 41 63 93 95 -83 35 -87 -31 -24 -38 99 -69 31 -8 12 -77 -91 33 -91 -70 -95 59 -74 -43
-77 -71 47 19 23 63 26 -44 -86 25 -42 -28 14 -85 -1 -75 38 -34 37 -98 36 -10 83 59 85 -62 82 -31 -79 54 49 83 -57 38 -17 85 63 -29 41 25 28 -49 -86 -87 90 -92 3 67
-3 -44 -18 97 -75 -5 19 -38 -38 79 77 -17 -6 35 -49 -35 90 -42 59 41 -98 -40 21 -86 -85 1 78 -26 -94 0 -65 56 -10 -87 -55 46 17 -49 92 -68 24 -24 -98 72 42 26 -12
-65 -45 25 40 81 -75 58 55 21 -50 -79 -63 -37 96 95 41 -39 -6 -80 -33 68 -51 -25 53 91 -52 -27 86 -39 -73 32 -86 33 -50 34 96 39 -74 39 -84 -18 89 -75 88 -86 -48
-61 93 -33 -74 99 80 42 -77 -51 -22 38 -5 6 48 -20 89 69 39 72 -15 -45 55 60 -80 -18 -87 49 -56 -18 -73 -43 -82 -9 -15 -2 -98 -51 43 16 40 -19 31 67 -78 -21
-6 85 42 -59 4 56 -84 41 -73 -54 99 90 92 68 -27 -11 32 -98 40 -35 89 6 -86 -68 -28 61 86 75 -51 -16 -46 -13 55 43 -37 -6 4 -66 -92 64 -55 79 -51 -6
-29 11 33 33 49 76 13 83 24 97 36 21 33 74 13 -4 26 71 97 24 86 -40 70 -86 15 63 83 -14 33 90 98 -83 10 -5 34 30 3 -40 98 71 23 83 -65
80 -25 -78 56 -34 -56 -34 86 62 52 -98 -88 -81 -17 -47 -50 87 -27 16 77 -59 -79 -35 57 -22 34 -82 87 64 52 99 -65 28 -38 -19 -44 -59 -85 72 47 -65 89
-10 -55 100 81 40 -64 41 -34 -69 -83 29 -24 -26 -39 85 -58 38 -99 50 -89 -34 -65 -28 -65 67 54 -30 93 -27 97 -1 -10 -57 31 21 91 -56 55 -46 -34 57
53 -11 14 -35 43 100 -58 -11 29 79 -51 45 -52 -23 95 -36 42 1 -69 72 -47 -63 -26 38 90 -78 19 72 -59 -86 5 -87 10 -11 -5 1 27 -51 -31 90
88 45 -73 50 -92 1 -77 34 -35 98 -49 -87 45 82 -59 3 -72 33 57 -2 28 -47 -82 -8 89 -49 9 -96 -87 -71 -47 -20 -93 33 -45 52 -53 56 72
70 -33 6 72 -92 0 17 -16 42 -11 68 89 -43 14 -56 96 48 -4 70 -44 54 33 82 -100 23 94 66 16 50 8 31 -1 -58 9 51 -87 80 -71
9 20 12 -69 30 -51 -10 -69 -50 -39 -56 -25 -16 -91 -3 -15 -57 -13 -45 13 59 13 -84 -74 51 68 75 -94 -16 -81 84 21 -51 -70 14 89 -6
-41 -82 47 -70 -55 82 -34 60 -3 -87 76 -76 -38 2 36 49 -19 -29 95 55 -40 -68 71 52 47 -1 6 -86 -12 46 45 85 58 -92 32 -56
-6 -52 100 15 80 -76 25 20 60 86 -63 -15 34 90 77 -79 -72 -38 -91 100 90 -76 15 -50 -50 27 18 -15 1 -97 -57 9 24 -89 63
70 -76 -73 -8 -31 -24 95 23 -97 7 -73 -63 23 -72 -53 97 62 -65 4 -49 -80 86 84 -37 55 -61 -49 -32 46 -54 67 -36 20 -99
48 31 48 -32 -55 -22 64 18 -69 -39 56 59 -23 6 -50 -11 -73 -100 -83 -33 -12 80 36 84 -43 39 69 62 -14 20 -40 -26 -100
-48 34 -97 -4 -24 34 -68 -74 67 -100 38 -48 -16 -28 -86 68 80 -43 -79 28 -100 -66 -68 69 -28 90 17 -6 13 -100 -52 7
91 13 -29 -73 45 -45 -86 95 -66 28 -3 93 -91 70 -34 69 72 12 91 -71 49 22 -10 96 99 -83 40 49 -70 -75 -75
8 66 62 71 -94 15 -90 -62 90 -46 2 43 -39 -41 -23 -55 -80 -28 -53 -77 54 92 70 -1 11 -50 -41 -30 11 25
-7 35 -98 -95 21 100 78 17 -19 -71 -58 80 10 -63 -13 -44 43 -90 -63 68 -40 -38 -49 -49 -46 91 -3 63 16
-48 -52 -59 -8 -16 -34 65 22 73 60 -90 -63 -96 49 89 -90 -34 76 14 -21 3 87 -78 -51 -77 38 -25 24
49 51 100 -10 -36 -90 50 74 2 -76 -42 -35 97 -66 74 -69 -26 12 19 -31 34 -9 -90 -39 86 2 -89
70 48 50 -34 -55 -56 -72 39 -7 -57 -93 75 -3 28 11 -3 -23 -89 92 -34 96 -5 -54 86 -80 -61
17 27 79 -22 -26 -4 94 47 38 -37 -73 -20 -26 -1 -24 63 -92 55 -49 -90 91 23 -55 21 51
-32 62 31 -81 48 26 -79 65 94 31 56 -72 79 -52 -60 -60 41 -43 94 18 54 -86 -43 -30
76 -88 -14 -16 3 4 70 49 -95 -94 44 -78 -94 -100 -23 68 -92 -91 -41 52 -10 -36 57
-39 -99 -72 21 7 46 19 81 -81 -55 85 -61 -98 76 27 49 22 66 -26 16 63 80
-82 -12 -49 -82 46 -14 16 -18 -17 -71 -91 -42 -58 13 -52 -28 -81 38 31 82 -62
78 25 -49 79 15 84 32 100 77 17 20 54 -29 8 -1 -67 57 -7 -55 80
95 79 68 -16 64 70 73 -55 -11 -25 66 48 28 34 -74 -45 -71 -45 39
76 -44 60 -48 -32 -20 -62 -68 -32 19 78 19 -3 -67 -52 -5 36 -80
38 85 49 23 67 -67 -31 71 -18 78 -43 43 -79 -33 -5 89 1
39 -100 89 -89 -29 -10 -22 80 96 -19 53 -11 28 32 81 8
99 41 -90 17 39 5 -85 60 52 26 -28 -90 -88 96 -39
-83 -72 95 93 91 45 -86 -99 34 -72 -66 -96 -59 -85
6 -50 -98 -60 45 60 -27 27 17 30 89 -65 99
-21 -99 -17 64 29 -46 34 96 -17 36 96 37
-100 5 -50 -44 96 99 -62 78 -99 43 85
-45 45 13 -23 -14 29 -12 -20 80 53
-66 5 -82 61 43 53 50 -83 7
11 70 97 -85 95 -30 74 80
-79 43 31 -13 -14 3 -6
53 77 -28 -46 73 93
52 32 67 25 12
69 14 -25 0
-8 34 5
-69 -60
-22