100
42 2 51 69 32 13 9 45 47 23 60 57 86 45 71 25 52 45 7 70 36 46 72 21 30 89 20 29 61 81 48 53 30 23 100 7 79 88 81 27 6 70 70 24 79 43 83 23 73 97 51 76 74 37 79 76 92 8 70 77 54 37 61 92 4 67 34 75 94 41 17 18 12 8 94 19 20 64 71 82 1 40 1 49 12 37 64 30 7 48 21 5 39 28 34 46 6 33 94 58
1 3 5 9 12 13 14 16 17 18 24 27 28 31 32 36 37 38 39 45 46 49 50 52 59 65 67 71 72 73 77 80 82 88 90 92 95 96 97 98 99 100
8 34
3 5 6 8 9 11 13 14 15 16 18 19 20 21 24 25 28 29 32 33 34 38 40 42 44 46 47 51 52 53 57 58 59 60 61 64 68 69 73 74 80 81 82 85 92 93 94 97 98 99 100
2 3 4 6 7 8 10 11 12 13 14 17 18 19 21 22 23 25 29 30 31 36 37 38 39 40 42 43 45 46 47 48 49 50 51 52 53 54 55 56 61 62 65 66 67 69 70 71 72 73 74 75 77 78 80 84 85 86 88 90 91 92 93 94 95 96 98 99 100
6 7 10 11 13 14 21 33 35 39 41 43 46 48 50 51 52 60 61 62 73 74 78 79 80 81 85 87 90 93 96 100
7 10 22 32 37 40 42 58 67 89 92 99 100
1 6 20 34 42 55 81 86 97
2 3 4 9 12 13 14 15 16 17 18 20 22 27 28 30 31 34 36 38 40 44 46 47 49 50 52 53 54 66 67 70 74 75 77 78 79 86 91 93 94 95 96 98 100
4 5 6 9 10 15 17 18 19 21 22 25 27 30 31 33 34 36 37 41 42 43 45 48 50 51 52 53 55 57 59 63 66 68 69 70 74 78 79 82 84 90 93 96 98 99 100
1 13 17 24 25 28 34 37 38 49 50 55 57 60 72 73 74 75 77 80 92 96 98
2 3 4 5 6 7 8 10 11 13 15 17 19 20 21 23 24 26 30 31 32 34 35 38 39 40 47 50 51 53 56 57 58 59 61 63 64 67 70 71 73 74 75 76 77 80 81 82 83 84 87 88 89 91 92 93 94 97 99 100
3 4 6 7 8 11 12 15 20 21 26 28 32 33 35 36 37 38 39 40 43 48 49 51 53 55 56 59 60 61 62 63 65 67 68 69 70 71 72 73 75 76 77 80 82 83 85 88 89 90 92 93 94 95 96 97 98
1 2 3 4 5 6 7 8 9 10 11 12 13 14 15 16 17 20 21 22 23 24 25 26 27 28 29 30 31 32 33 35 36 37 38 39 40 41 43 44 45 46 48 49 50 51 52 53 54 55 56 58 59 60 61 62 63 64 65 66 67 68 69 70 73 74 75 76 78 79 80 81 84 85 86 87 89 90 91 92 93 94 95 96 97 99
1 9 12 14 18 19 23 25 29 30 31 32 33 34 37 38 40 46 49 50 51 52 53 55 56 63 67 68 69 71 72 73 76 80 87 91 92 93 94 95 96 97 98 99 100
1 2 3 4 6 7 8 9 10 13 14 15 16 18 20 21 22 23 24 25 28 30 31 32 33 34 35 36 38 40 42 44 46 48 49 51 52 53 54 55 56 58 60 61 62 64 65 66 67 68 70 71 72 74 75 76 77 78 80 82 84 85 87 89 90 93 94 95 96 97 99
1 2 7 10 12 14 15 18 19 22 23 27 29 34 39 42 49 52 60 66 67 76 83 90 92
3 4 5 7 9 10 12 14 15 16 18 19 27 28 29 30 31 32 33 34 38 39 40 42 43 46 48 49 50 51 53 54 55 56 61 62 66 71 72 74 77 78 79 80 81 82 84 85 93 95 98 99
1 3 4 8 13 14 15 16 17 20 22 24 25 26 27 28 30 33 37 38 45 46 47 50 53 57 58 59 61 66 72 74 75 81 82 83 87 88 91 92 93 94 97 99 100
20 26 32 55 69 75 87
1 2 3 4 5 6 7 8 10 11 12 13 14 15 17 18 20 21 24 27 28 29 31 34 36 38 39 40 41 42 43 46 47 48 49 50 51 52 53 55 57 58 59 60 61 65 66 67 68 69 70 71 73 74 76 77 78 80 82 83 84 86 87 88 89 90 94 98 99 100
2 6 7 8 10 12 13 15 16 23 26 28 32 41 42 44 45 48 53 55 56 60 62 65 69 71 74 83 84 85 91 93 95 96 99 100
2 4 9 10 11 13 15 16 17 19 20 21 26 27 29 30 34 36 39 44 45 47 48 51 53 54 57 60 62 65 68 69 72 74 77 79 81 84 87 88 91 92 94 96 97 100
2 3 6 7 9 10 11 12 13 14 15 17 19 22 23 27 28 29 31 33 34 36 39 40 41 42 43 45 48 49 50 51 52 53 54 55 56 57 58 59 60 62 63 64 65 66 67 68 71 72 74 75 76 77 78 79 80 81 82 84 85 86 87 88 89 90 92 93 94 96 97 99
1 10 16 23 28 29 31 39 43 51 59 63 66 68 70 79 81 88 91 94 100
1 3 5 8 10 14 15 19 21 25 29 30 36 37 38 39 44 47 48 50 59 70 72 73 76 77 82 89 92 97
1 2 3 4 5 6 7 8 9 11 12 13 14 16 17 18 19 20 21 22 23 24 25 26 27 28 29 30 31 32 33 34 35 36 37 39 40 41 43 45 46 47 48 49 50 51 52 53 54 55 56 57 58 59 60 61 62 63 64 65 66 67 69 70 71 72 74 75 76 77 78 80 81 83 85 86 87 88 89 90 91 92 93 94 95 96 97 98 99
4 8 21 32 35 36 38 40 42 44 53 58 61 62 67 80 81 84 92 96
3 5 11 12 13 18 24 25 31 35 36 42 43 44 46 48 51 54 56 61 64 66 69 73 83 85 92 96 100
3 5 6 7 10 11 12 14 15 21 24 25 26 29 32 34 35 36 38 41 43 44 47 48 49 50 51 52 53 54 55 57 58 61 62 63 64 65 66 67 68 70 71 73 75 76 78 82 83 84 85 86 87 88 89 90 92 94 95 97 100
1 2 3 4 6 7 8 9 10 11 12 13 15 16 17 18 20 21 22 23 24 25 26 27 28 29 31 32 34 35 36 38 40 42 43 44 45 46 47 48 49 52 53 55 56 57 58 59 60 61 62 63 65 66 67 68 69 70 71 72 73 74 75 76 77 78 81 82 83 84 85 86 87 88 89 90 91 92 93 94 96
2 4 6 7 8 9 10 11 15 16 18 21 22 24 25 27 29 31 38 39 40 42 43 48 53 54 55 56 58 59 60 64 65 66 67 68 69 70 72 76 78 82 83 84 85 88 89 90
3 4 5 6 7 8 9 10 11 15 18 20 26 27 28 31 34 35 37 39 41 44 45 46 47 48 50 51 52 53 54 57 59 60 61 64 67 69 70 73 74 75 76 77 78 79 82 84 85 88 90 91 98
9 10 11 13 16 26 29 32 33 36 37 41 46 50 51 56 64 74 80 83 84 85 86 87 88 89 90 93 95 98
12 16 20 21 42 43 44 49 53 55 56 58 60 61 66 73 76 77 80 81 87 95 97
1 2 3 4 5 6 7 8 9 10 11 12 13 14 15 16 17 18 19 20 21 22 23 24 25 26 27 28 29 30 31 32 33 34 35 36 37 38 39 40 41 42 43 44 45 46 47 48 49 50 51 52 53 54 55 56 57 58 59 60 61 62 63 64 65 66 67 68 69 70 71 72 73 74 75 76 77 78 79 80 81 82 83 84 85 86 87 88 89 90 91 92 93 94 95 96 97 98 99 100
9 21 31 38 50 68 71
1 2 3 5 7 8 9 10 13 14 15 16 19 20 21 23 26 27 28 29 30 31 33 34 35 36 37 38 39 40 41 42 44 45 46 47 48 49 51 52 53 54 55 56 58 59 60 62 63 64 65 66 67 69 70 71 75 77 78 79 80 81 82 84 85 86 87 88 89 90 91 92 93 94 95 96 97 98 100
1 3 4 5 6 7 8 9 11 12 13 14 16 17 18 19 20 21 22 23 24 26 27 28 31 32 33 34 35 37 38 39 40 41 42 43 44 45 46 47 48 50 51 52 53 54 55 56 57 58 59 60 61 62 63 64 65 66 67 68 69 70 71 72 73 74 76 77 78 79 80 81 82 83 84 85 86 87 88 89 90 92 93 94 96 97 98 99
1 2 3 4 5 6 8 9 10 11 13 14 15 16 17 18 21 22 23 24 25 26 27 28 29 32 33 34 35 36 38 39 40 41 43 44 45 46 47 48 49 50 51 52 54 55 56 58 59 61 62 64 66 67 68 69 70 71 72 73 74 75 76 77 79 81 82 84 85 86 87 89 90 92 93 94 95 96 98 99 100
1 4 11 12 13 15 22 25 29 31 33 38 39 44 48 51 53 61 64 66 72 76 80 82 84 85 95
38 66 68 73 79 97
1 2 4 5 6 7 8 9 10 11 12 14 15 16 17 19 20 22 23 24 25 26 27 28 29 30 34 35 36 38 39 43 44 45 46 49 52 55 56 59 62 64 65 66 67 68 69 70 73 75 76 78 80 81 82 84 85 86 88 89 90 91 93 94 95 96 97 98 99 100
1 3 4 6 7 8 9 10 11 12 13 16 18 19 20 24 25 26 27 28 29 30 31 32 34 36 38 39 40 41 42 43 44 45 47 48 51 52 53 54 56 57 58 60 61 62 64 67 68 69 70 71 73 75 76 80 81 82 83 85 86 88 89 90 93 94 95 96 99 100
7 15 16 18 29 30 34 38 41 42 43 47 53 55 61 62 64 74 75 78 79 81 96 99
1 2 3 4 5 7 8 10 11 12 13 14 15 16 17 20 21 22 23 24 26 27 28 30 31 32 34 36 37 39 40 42 43 44 45 46 47 48 50 51 52 54 56 58 59 60 61 62 63 64 65 66 67 68 70 71 72 73 75 76 77 78 79 82 83 84 85 87 89 90 91 92 93 94 95 96 98 99 100
2 3 5 6 9 10 15 16 18 19 21 22 24 27 28 33 39 45 46 47 48 49 50 52 53 62 65 69 73 75 78 81 82 84 85 87 89 90 92 93 95 97 100
3 4 5 6 7 8 9 10 11 13 14 15 16 17 19 20 21 22 23 25 26 27 28 29 30 31 33 34 35 36 38 39 40 41 42 43 44 46 47 48 49 50 52 53 57 59 60 61 62 64 65 66 67 68 69 70 71 72 73 74 75 77 78 79 80 81 83 84 85 86 87 88 90 91 92 93 94 95 96 97 98 99 100
1 5 10 16 18 23 29 40 49 52 53 60 64 68 69 71 72 74 76 80 81 83 97
1 2 3 4 5 6 7 8 9 12 14 15 19 20 21 22 23 25 26 27 29 30 31 32 33 34 35 36 37 38 40 42 43 44 45 46 47 48 50 51 52 54 56 58 59 61 62 64 65 67 68 70 71 72 74 75 76 77 78 79 81 82 83 84 88 90 91 92 93 94 97 99 100
1 2 3 4 5 6 7 8 9 10 11 12 13 15 16 17 18 19 20 21 22 23 24 25 26 28 29 30 31 33 34 35 36 37 38 39 40 41 42 43 44 45 46 47 48 49 50 51 52 53 54 55 56 57 58 59 60 61 62 63 64 65 66 67 68 69 70 71 72 73 74 75 76 77 78 79 80 81 82 83 84 85 86 87 88 89 90 91 92 93 94 95 96 97 98 99 100
1 2 4 5 7 8 9 10 13 16 18 20 21 23 24 27 31 32 36 37 38 39 40 44 45 46 47 48 51 52 55 58 64 65 66 69 71 72 78 79 80 81 82 84 88 90 94 95 96 98 100
1 2 3 4 5 6 9 10 11 12 13 14 16 17 18 21 22 23 24 26 27 28 29 30 33 35 36 38 39 40 41 42 43 44 45 47 48 49 50 52 53 54 56 57 58 60 61 64 65 66 67 69 70 72 73 76 77 79 80 81 83 84 85 87 88 89 90 91 92 93 94 95 96 97 98 100
1 2 3 4 5 7 8 12 14 15 16 17 18 19 20 21 22 24 25 26 27 28 29 30 32 34 35 37 38 39 41 42 44 45 46 47 49 50 51 52 53 54 55 57 58 59 60 61 63 64 65 67 68 71 73 75 76 78 79 80 81 83 85 86 88 89 90 92 93 94 95 96 99 100
1 2 3 5 9 10 12 16 19 22 24 25 30 39 41 42 43 45 47 51 52 53 54 61 62 66 68 69 72 73 75 80 86 91 92 98 100
1 3 4 5 6 7 8 9 11 13 15 16 17 18 19 21 22 23 24 25 26 27 28 29 31 32 34 35 37 38 40 41 43 44 46 47 48 50 51 52 53 54 55 56 57 58 59 60 61 62 63 64 65 66 68 69 72 73 74 75 76 77 78 79 80 82 84 85 86 87 88 91 93 95 96 97 98 99 100
1 2 4 5 6 7 9 10 11 12 13 14 15 17 18 20 21 22 25 26 27 28 29 30 31 32 35 36 37 38 39 41 42 43 44 45 47 48 49 50 51 53 54 55 56 57 58 59 60 61 62 64 65 68 69 70 71 72 74 75 76 77 79 80 81 82 83 84 88 89 90 92 97 98 99 100
1 2 3 4 5 6 7 8 9 10 11 12 13 14 15 16 17 18 19 20 21 22 23 24 25 26 27 28 29 30 31 32 33 34 35 36 37 38 39 40 41 43 44 45 46 47 48 49 50 51 52 53 54 55 56 57 58 59 60 62 63 64 65 66 67 68 70 71 72 73 74 75 76 77 78 79 80 82 84 85 86 87 88 89 90 91 92 94 95 98 99 100
28 30 37 40 46 64 67 92
1 2 4 5 7 8 9 10 11 12 13 14 15 16 17 19 21 22 23 25 26 27 29 30 31 32 33 36 41 42 43 44 45 46 47 49 50 53 55 56 57 59 62 63 64 65 66 67 68 69 71 72 74 75 77 81 82 84 85 88 89 90 91 93 94 95 96 97 98 100
1 2 7 9 10 11 12 13 14 15 16 18 19 20 21 22 23 25 26 27 28 29 31 32 33 35 36 37 38 39 40 41 42 44 45 46 47 48 51 53 54 55 56 57 58 59 60 62 63 65 66 67 70 72 73 74 75 76 77 78 79 80 81 82 83 84 86 87 88 89 91 92 93 94 96 97 98
1 5 6 7 10 13 14 15 16 17 19 20 21 23 26 27 28 29 34 35 37 38 42 43 44 51 54 55 58 59 60 65 66 67 68 69 71 72 74 75 77 79 81 82 85 86 87 88 92 93 95 96 98 99
3 4 5 8 10 13 16 17 18 19 26 27 33 35 39 40 49 54 55 57 62 64 65 66 67 74 75 77 80 84 87 88 90 93 94 97 100
3 4 8 9 10 11 13 16 18 19 21 23 26 27 31 34 35 36 37 38 39 42 44 45 46 48 49 50 52 53 55 57 58 59 61 62 63 66 69 71 74 75 76 77 80 81 82 84 85 86 88 89 90 91 92 93 94 96 97 98 99
1 2 3 4 5 6 7 8 9 10 11 12 13 14 15 16 18 19 20 21 22 23 24 25 26 27 28 29 30 31 32 33 34 35 36 37 38 40 41 42 43 44 45 47 48 50 51 52 54 55 56 57 59 60 61 62 63 64 65 66 68 69 70 71 72 73 74 75 76 77 78 79 80 81 82 83 84 85 86 87 88 89 90 91 92 93 94 95 96 97 99 100
16 22 46 66
1 5 7 8 9 10 15 16 18 20 21 23 24 25 26 27 28 29 30 31 32 33 35 37 38 39 42 43 44 46 47 49 50 51 52 53 54 55 56 57 58 59 61 62 63 66 67 68 70 71 72 74 77 78 79 81 82 83 84 85 86 87 88 94 95 97 99
1 4 10 19 23 28 30 33 36 40 45 47 48 49 50 51 56 61 62 64 65 67 68 69 70 71 73 75 79 80 81 84 88 95
1 3 4 5 6 7 9 10 11 12 13 16 17 18 19 20 21 22 24 25 27 28 30 31 33 34 35 36 37 39 40 42 44 46 48 49 50 51 52 53 54 56 57 59 61 62 63 64 65 66 67 69 70 71 73 74 77 78 79 81 82 83 85 86 87 88 89 90 91 92 94 96 97 98 99
1 2 3 4 5 6 7 8 9 10 11 12 13 14 15 16 17 18 19 20 21 22 23 24 25 26 28 29 30 31 32 33 34 35 36 37 38 39 40 41 42 43 44 45 46 47 49 50 51 52 53 54 55 56 57 58 59 60 61 62 63 64 65 66 67 68 69 70 72 73 74 75 76 77 78 80 81 82 83 84 85 86 87 88 89 90 91 92 93 94 96 97 98 100
3 4 6 8 12 13 16 17 18 21 22 25 26 28 30 31 38 53 54 56 57 64 66 67 71 73 74 75 77 81 84 86 87 88 89 91 93 96 97 98 99
1 4 5 6 12 20 21 23 31 33 51 52 59 60 67 85 95
19 20 31 32 39 42 44 47 49 55 57 60 71 75 83 85 88 98
4 12 15 27 30 36 39 41 48 65 74 82
2 18 36 42 61 77 86 90
1 2 3 4 5 6 7 8 9 10 13 14 15 16 17 18 19 20 21 22 23 24 25 26 27 28 29 30 31 32 33 34 35 36 37 38 39 40 41 42 44 45 46 47 48 49 50 51 52 53 55 56 57 58 59 60 61 62 63 64 65 66 67 68 69 70 71 72 73 74 75 76 77 78 79 80 81 82 83 84 85 87 88 89 90 91 92 93 94 95 96 97 99 100
11 14 15 18 24 30 31 35 45 48 54 62 69 72 76 90 92 94 95
11 15 25 26 27 32 33 35 36 42 43 48 52 60 65 75 79 82 85 95
2 3 4 5 6 7 8 11 12 14 15 16 17 19 20 21 22 23 25 28 29 30 32 34 37 39 40 42 43 44 46 47 48 49 51 52 54 58 59 60 61 62 63 64 65 66 68 69 72 73 76 79 83 84 85 86 87 88 89 90 91 94 98 99
1 2 3 4 5 6 7 8 9 10 11 14 15 16 17 19 23 25 26 28 29 31 32 34 35 36 37 38 39 41 42 43 44 45 47 49 50 51 52 53 54 55 57 59 60 61 62 64 66 67 68 72 74 75 78 80 84 85 86 87 88 89 90 92 93 94 95 96 97 98 100
1 2 3 4 5 6 10 11 16 18 19 20 21 23 24 25 26 27 28 29 30 31 32 33 35 36 37 38 40 41 43 44 45 46 47 49 50 51 52 53 55 56 57 58 59 60 61 62 63 65 66 67 68 69 70 71 72 73 75 77 78 79 80 81 83 84 85 86 87 88 89 90 91 92 93 94 95 96 97 98 99 100
91
1 2 3 4 7 8 11 17 18 19 20 24 25 28 36 39 42 43 46 47 48 52 53 58 59 60 74 77 82 83 84 85 89 90 91 92 94 96 97 100
50
1 2 3 5 9 10 12 15 16 19 20 21 22 23 25 28 29 31 32 34 37 39 41 43 44 45 49 50 51 53 54 57 59 63 64 65 66 67 70 81 82 83 86 88 90 95 97 98 99
6 7 12 38 53 54 58 62 65 83 90 92
1 6 7 9 12 14 20 22 23 24 25 31 35 39 48 49 50 52 53 56 58 60 61 62 70 74 77 78 81 84 85 88 90 91 93 94 99
3 4 5 6 7 8 9 10 11 12 13 14 15 16 17 18 20 21 22 23 29 30 33 34 36 37 38 42 43 44 47 48 49 50 52 54 57 58 61 62 63 68 69 70 71 73 74 75 76 78 79 80 83 84 85 86 87 92 93 94 96 97 99 100
1 4 7 8 10 12 14 18 25 27 35 37 48 50 53 56 61 65 69 72 76 78 81 86 87 90 91 92 93 98
1 11 40 53 69 82 100
1 2 8 9 10 11 13 15 23 27 30 35 37 38 41 43 44 48 50 52 57 58 59 60 61 64 65 66 68 71 74 77 78 79 80 82 83 86 88 89 91 92 93 94 96 97 98 99
1 10 12 15 21 34 37 43 45 47 49 52 58 62 76 78 79 83 87 90 93
19 35 46 50 99
1 8 11 13 14 18 25 26 28 29 30 38 41 42 43 44 46 47 52 54 56 57 63 66 68 69 73 76 78 79 80 85 89 92 93 95 97 99 100
4 7 8 12 13 16 18 27 31 32 33 39 46 54 62 66 71 72 79 83 84 85 91 94 95 97 98 100
1 3 4 5 9 13 14 15 17 19 22 23 27 28 31 32 33 35 40 41 46 49 61 63 70 73 76 79 85 87 88 89 90 98
4 5 7 9 12 13 17 18 19 20 21 23 24 25 26 27 29 31 32 34 37 39 40 44 46 49 50 54 55 56 61 62 64 66 67 68 70 72 77 80 82 84 92 97 99 100
3 35 61 70 92 98
1 3 4 5 6 7 10 12 17 18 20 22 31 33 38 40 51 55 60 61 67 68 69 72 74 75 78 79 86 90 91 92 95
1 2 3 4 5 6 7 8 9 10 11 12 13 14 15 17 18 19 20 21 22 23 24 25 26 27 28 29 30 31 32 33 34 35 36 37 38 39 40 42 43 44 45 46 47 48 49 50 51 52 53 54 55 56 57 58 59 61 63 64 65 66 67 68 69 70 71 72 73 74 75 76 77 78 79 80 81 83 84 85 86 87 88 89 90 91 92 93 94 95 96 97 98 100
1 4 7 10 11 12 13 14 16 17 19 20 21 22 23 25 27 30 31 32 34 36 37 38 39 40 41 44 45 48 49 51 52 53 55 56 58 60 65 66 67 68 69 71 72 73 77 78 79 80 83 86 89 90 91 92 94 95
-23 -92 79 -53 -84 -7 100 15 33 43 90 -45 43 -4 -81 86 -39 -88 51 61 45 -54 -4 -43 93 -32 -73 46 -37 -50 44 34 -37 -48 -71 5 -49 -35 -43 -65 11 -66 -72 -24 81 -100 84 53 -34 -17 15 84 41 47 64 90 17 84 -93 12 6 -73 -23 -9 -35 76 -79 -73 50 44 61 -89 5 -89 84 5 40 -36 -80 -36 87 -17 79 42 3 -14 -83 76 -5 13 66 -56 98 51 66 66 -77 -24 -84 -92
60 51 -48 19 60 56 64 -39 -67 -97 26 -74 33 80 -45 -3 50 -54 24 -37 41 55 9 -77 56 -98 96 -43 -99 -30 -49 18 40 -44 14 -74 36 54 42 -84 -69 43 -68 91 42 98 47 56 -19 -26 -61 -42 66 -75 -84 39 39 -60 98 97 72 -89 98 -37 -60 -97 36 9 77 -83 -79 -7 19 88 68 -43 -87 -23 -17 47 6 92 -88 58 75 -46 -86 -45 -49 98 36 -100 54 -71 21 99 -94 45 -71
82 71 30 -30 -86 94 -11 71 38 41 -94 -69 -54 87 14 -10 55 -83 -1 -84 -42 54 5 -5 58 -100 27 87 87 -13 46 98 69 -51 -67 17 -41 -23 24 -70 52 -69 34 -20 15 37 12 -19 34 59 7 -24 72 -54 87 -28 13 5 18 72 23 -62 31 -58 -34 -9 -72 88 -96 -60 17 -82 72 -18 -48 44 -50 -51 -31 80 34 94 19 -93 -32 0 41 96 59 -12 26 -4 -86 -99 -87 64 93 -34
-28 -28 -19 66 -74 -94 66 -87 -46 93 11 86 100 -66 -6 -66 63 -96 -8 89 -83 53 -85 -74 45 -42 -40 -36 -53 -46 9 97 91 21 9 -63 19 91 63 -81 -23 13 -15 59 -27 26 77 -30 82 81 56 55 88 -8 26 -82 62 -60 -94 35 99 80 -21 24 93 -73 68 58 -54 -33 100 5 -38 81 -20 -77 44 29 -95 79 8 -16 -18 -45 -82 96 -17 62 -62 -88 62 -24 -22 48 11 7 76
-41 86 -80 54 94 -44 -98 34 87 45 6 -22 -14 45 40 -55 -78 -43 60 -64 49 -51 57 41 -49 -74 60 -100 -71 55 -4 -48 38 8 45 -41 16 99 -59 -60 -81 85 -48 8 -69 32 -93 -18 -24 43 -56 11 12 -73 97 -42 -90 64 -46 8 -88 36 65 60 -47 -52 -91 -70 -41 -57 -21 -25 -98 -61 29 -4 -2 -56 7 75 -17 -68 87 -99 -86 -24 76 86 61 66 -95 43 -66 20 -11 -75
6 -10 10 76 -42 -46 -3 -58 -77 0 21 -44 -99 47 -85 60 28 25 -90 1 -93 -34 89 -22 -98 -69 -90 97 -18 55 -58 39 65 -94 76 -36 68 3 82 8 60 14 71 -73 56 100 68 63 35 56 84 -13 63 23 16 77 -79 34 60 37 9 74 16 46 82 -32 -54 -91 -16 -89 -100 -4 32 68 -36 83 87 -27 19 -53 -98 43 16 23 -2 -90 40 -19 -13 48 -86 -13 -10 -45 80
-8 48 12 -75 67 59 54 -53 -63 36 -57 71 82 42 38 -26 -67 44 17 -56 -47 63 79 -87 48 38 18 88 96 -19 -28 -80 57 71 5 -94 -96 43 -84 -33 29 90 29 -9 81 23 -96 -88 -46 81 -79 30 92 -44 25 -76 98 18 12 -17 -2 5 -38 49 55 -63 -24 75 -82 82 70 25 -68 -50 -91 -35 -33 80 99 -1 30 -84 -92 59 -9 15 -6 6 28 16 17 91 -93 55
-33 -35 70 -61 62 -79 92 4 52 24 62 58 98 -4 -20 87 -99 -59 38 68 100 42 -48 12 -79 6 79 60 75 69 43 29 93 52 -7 -30 -34 39 -80 -48 -76 64 92 -78 79 51 76 -41 59 -48 84 77 17 -80 96 -61 -73 -77 -67 -1 -69 -97 -26 -91 63 -66 88 42 -44 -90 17 -60 21 88 21 54 -64 91 -66 18 -79 -70 -86 -61 -31 81 38 84 53 59 -58 15 -58
51 -51 -39 -99 -76 -64 28 -82 -27 91 -32 -74 -40 -90 68 51 -51 50 -33 -95 -1 -97 -5 98 -98 -48 -80 61 43 34 97 94 -33 15 -45 83 -77 -36 27 -51 91 -65 -80 -2 14 -62 -23 21 -40 -41 -69 -42 -80 14 -18 -72 17 28 -36 -65 -9 -46 -23 80 14 83 53 -76 -95 37 44 27 -47 -3 24 14 -3 88 5 -41 -8 65 -91 45 -72 -83 -59 90 -58 0 6 -35
73 -97 49 -7 33 -97 -79 66 76 -93 -8 -78 60 -17 68 -10 6 68 -3 72 -88 68 74 70 -44 99 85 92 72 42 87 51 47 91 -10 71 95 -2 93 -4 -79 4 64 91 78 24 -32 51 -20 -87 -70 -66 -95 -45 -15 46 -40 38 93 -95 59 6 -89 28 60 69 42 15 -19 -8 97 49 -14 -89 32 17 -62 82 96 -45 14 -97 81 19 87 72 -39 -13 -33 -31 28
-72 -25 -37 55 70 -21 -77 95 49 48 -71 88 -18 5 92 -72 -59 -89 25 -21 -91 -41 -61 -98 -23 93 60 26 -22 27 -45 52 -39 -32 76 96 58 94 92 -14 30 -13 -42 -38 70 -3 -55 38 52 -72 36 64 66 9 70 -68 59 31 42 26 82 -96 -15 22 -67 98 -76 18 -23 -4 -61 97 74 73 -40 3 -84 99 100 -19 -16 91 37 99 -35 11 -91 -93 -89 52
52 65 26 -43 45 -35 44 98 47 -41 49 44 30 -10 20 16 94 60 -39 49 -6 -41 39 -3 18 71 13 64 49 63 62 -41 73 -45 11 -36 -35 82 89 93 45 37 60 -81 27 -50 9 -89 -5 77 90 -37 -99 -64 -70 -79 -78 -86 -64 -83 3 57 -14 2 24 -4 65 -11 78 -6 -59 53 38 -59 2 -77 -24 34 -87 3 48 -18 31 -4 -2 -14 -87 8 -37
63 8 -99 25 12 -7 -7 -42 -90 -53 -49 32 52 -31 -24 23 94 -25 77 -95 -92 -45 78 -68 -93 -39 -18 -18 -2 -47 32 84 83 29 -50 6 66 24 -44 -84 -86 75 -66 -24 12 3 96 14 75 -42 -65 28 0 81 28 -40 73 -94 -33 41 -90 83 -82 -37 -73 62 -27 97 82 -1 73 60 -71 18 71 -17 92 -57 -92 33 -80 -22 -93 7 -4 -52 4 -73
97 12 -29 -32 96 -33 98 -79 -14 -60 28 52 -88 52 47 3 -65 -96 -59 74 9 -78 69 18 28 100 57 0 53 24 55 34 -5 -85 74 5 67 -79 -21 -82 89 -25 76 61 12 46 -8 -75 -32 95 -80 -82 45 22 -73 -94 100 -44 -4 90 -22 -70 12 -28 75 0 93 29 -99 -25 -59 56 1 83 42 80 15 -37 -2 -65 -53 45 -42 91 61 9 40
49 -79 25 97 86 40 -87 97 27 -36 -74 -6 84 41 54 10 3 35 -100 51 -67 1 -19 -83 19 -46 69 54 60 67 -39 42 -33 77 42 -13 -16 -84 -1 -41 -51 -70 -44 29 -100 -65 86 -75 9 4 12 -71 -64 78 44 82 71 89 -49 -80 38 -19 -73 -62 -66 -99 -10 95 -55 -35 23 64 26 43 30 57 -13 -77 95 -17 -48 -64 -58 -43 95 4
0 36 40 -75 60 -27 -4 -98 0 -86 -81 -41 44 23 -94 -55 34 10 -83 -15 -36 55 -19 -66 -26 -40 85 -90 -93 83 -18 34 93 66 59 -97 -61 -35 72 -53 16 -76 -81 -83 24 18 -3 89 45 18 22 10 -54 13 12 48 17 -67 58 70 79 -64 -33 -92 64 18 33 24 -68 -73 87 46 36 46 36 -2 88 93 -72 -79 -62 6 60 18 -15
-71 -90 45 -31 -76 -40 56 24 -48 -88 -20 47 14 -47 39 71 -61 31 59 10 -32 -99 -60 8 -14 -87 45 -93 -90 -58 -4 -30 11 -33 -70 99 -33 -98 -72 -32 -14 100 -90 -35 89 69 -24 43 -13 -100 1 -67 -98 54 -82 -26 -80 69 79 -45 -23 -89 -11 24 12 93 94 -62 25 -12 -60 95 -91 -22 -95 33 22 58 -81 62 61 -89 -1 34
37 -38 -40 70 50 -76 -38 -15 41 62 16 -100 76 -24 -86 97 -35 90 17 -84 -39 -51 -53 -100 47 -43 73 86 21 -25 28 -56 47 57 -94 12 58 -3 67 -86 35 81 -29 -76 -26 38 6 26 18 30 38 21 66 -51 20 83 -71 -68 23 -12 -43 -79 56 -72 50 50 -15 -71 10 41 67 14 -11 64 9 -23 -12 18 0 -47 64 79 2
48 15 -60 -58 -3 -39 99 74 -49 98 3 -44 -62 12 27 -72 19 -8 58 -75 -78 -58 -49 82 -60 -37 18 -99 -80 -94 -67 -55 -87 -18 -52 -13 61 -63 -23 72 91 -8 93 66 -98 -35 85 -49 -29 20 33 -90 67 -35 100 -71 52 -64 -97 -59 26 -85 57 -80 47 19 -8 -17 -69 -45 13 -38 -48 -26 -27 -68 -36 -39 -88 -15 59 -23
10 73 80 -79 -96 -65 -21 40 -78 -17 -61 -90 1 -71 -70 100 -14 91 96 -86 -13 -69 43 -83 4 71 95 20 68 20 -9 -42 88 56 -72 -24 67 16 14 -99 80 -69 -90 35 100 -73 31 43 -91 -90 27 99 -34 -57 85 -38 55 -42 82 -61 7 -100 73 25 -23 -45 14 -97 -67 -5 -18 29 -99 -11 97 -33 77 94 -97 22 31
52 42 -55 -12 58 70 -15 53 -30 6 5 88 19 -26 -37 64 -70 27 48 63 40 -38 -3 50 63 59 67 -27 85 -67 71 87 -75 -63 43 -45 14 -57 -13 -5 62 49 -80 -93 74 -9 -79 -34 -11 -41 90 87 -4 -58 -28 21 34 22 28 96 -77 83 95 18 36 34 -10 59 -98 -23 44 -97 -22 76 43 85 77 -86 -9 -22
-76 -36 -38 -56 76 10 -68 59 29 -90 55 -81 72 56 5 -46 -5 -15 -45 38 21 89 12 27 77 -38 83 -80 89 -72 41 21 -92 -61 -20 -22 55 -45 -27 2 100 32 89 39 -66 68 87 -51 -50 41 1 -19 -28 -14 -40 100 76 68 51 -40 65 -80 -91 4 -57 71 -60 25 -79 67 24 95 -18 77 -95 -100 -35 43 67
-81 -80 51 -23 85 28 -14 61 25 -90 -42 -44 -11 66 -60 -76 -27 -62 -10 42 86 -99 -20 21 -88 -68 32 72 -45 93 44 85 26 40 -41 -87 -6 -15 47 44 -59 1 49 60 -18 -1 26 -29 -86 -22 91 -16 -42 -65 67 81 64 -36 -51 -63 -10 -78 -10 78 84 -23 24 10 -73 -96 10 -43 -66 -96 -56 -88 61 -18
-83 -54 -74 -42 -11 52 -56 29 28 -81 -63 48 53 96 67 85 -75 -15 14 -65 77 -41 45 89 61 -55 -12 72 34 -36 43 16 -82 -5 -34 96 45 -53 -61 -50 48 27 57 48 -60 37 -97 -56 42 3 -21 26 -34 -22 45 -14 63 -30 -40 -28 67 67 40 -50 81 -50 29 70 40 66 99 -68 7 50 -73 17 -61
81 -68 -100 -11 96 63 17 -35 -62 -23 -40 38 50 64 99 10 35 -73 77 -90 -15 68 72 70 78 4 49 -74 23 13 -100 -87 -64 -57 58 -78 43 92 -96 -71 73 11 41 -14 43 82 -38 72 23 -17 -44 25 -92 20 97 -70 75 -40 -88 48 8 -15 -96 63 -14 -82 -79 95 -7 -68 32 19 -78 26 3 19
-95 -82 70 -41 92 -21 -49 93 65 33 -28 -94 41 25 4 33 75 30 69 -35 -67 -96 97 -87 49 20 -26 -36 -78 99 -32 95 53 -32 -46 -81 -56 -76 57 81 22 -52 57 3 -48 45 -39 -6 8 -74 43 6 0 -10 98 -37 67 51 34 38 -74 -79 -66 -26 -73 -41 1 -16 -21 -5 44 -30 -91 -71 32
-5 30 18 -93 44 -20 -28 -47 17 7 25 69 58 -54 4 -73 99 18 -76 -41 -32 -47 12 -58 20 -16 97 -51 -52 -76 -30 63 6 -8 -60 -28 64 78 24 -75 -58 -14 -34 -73 -74 -53 -1 62 -75 -40 -96 -97 87 85 36 -8 -17 -82 39 -97 -91 31 63 57 51 -68 5 56 32 2 80 51 44 -78
71 -80 -54 -95 86 98 -71 -63 0 85 -91 93 63 -37 13 -20 -38 81 -95 1 -21 -87 7 -55 -68 -67 63 53 26 -10 69 64 45 -73 -33 -83 81 39 -15 -90 33 46 69 -18 100 -26 -32 -97 -36 44 83 24 -98 53 -96 24 -7 35 -36 -84 -25 26 -12 55 -98 -79 28 77 -83 50 -59 -77 93
-67 -65 2 86 90 -43 -89 16 81 -50 -7 39 -65 41 70 -83 89 13 73 -81 -28 -4 35 -30 10 -60 50 6 62 -60 -52 -46 54 36 -24 -14 -42 -50 81 75 -59 94 16 -93 42 95 57 61 86 51 73 54 -71 54 43 16 25 96 -66 0 -16 -51 0 -63 3 -17 -60 -90 36 44 74 -4
17 34 -73 -16 81 18 -90 83 88 43 27 97 -41 -34 -65 -90 -96 16 -97 74 64 -16 -98 -28 16 42 -92 49 -26 -87 70 62 15 -24 55 -93 4 -94 -51 -62 -60 -98 -62 -50 57 -75 -56 17 -69 -65 -51 -68 29 -10 -7 100 16 30 -6 -75 24 32 -94 71 25 -45 -49 -25 -60 -97 72
65 92 -38 -73 -83 -62 7 58 -60 57 96 -19 -92 -35 88 2 -42 -65 -31 25 97 4 -77 -55 -82 20 86 36 64 -42 27 -65 -11 -34 -36 11 -38 -17 44 93 31 13 44 48 4 -85 60 66 16 -89 95 -43 -98 -58 -27 -50 4 67 -41 30 53 18 77 79 45 -58 -58 19 -81 -44
58 2 83 -58 -86 -67 98 48 61 36 -72 -74 -2 -5 78 -73 15 6 -66 1 3 -16 -54 3 41 -34 28 60 13 53 82 -93 21 56 -21 -45 77 66 -70 -100 -49 8 38 -15 82 -3 -53 91 -77 -43 68 -18 9 18 64 -68 -87 40 -47 19 -66 33 65 91 55 10 -4 88 -72
40 41 1 53 60 -3 86 -23 62 82 -81 0 15 55 73 -35 16 83 93 77 8 95 71 12 -55 69 -83 62 -13 95 62 -82 -82 95 1 28 47 8 -57 83 44 -93 -97 -31 -80 -51 45 -7 62 -25 59 -23 -25 -27 -14 51 -86 46 -34 -78 45 -70 -37 35 -73 -72 37 -16
78 50 -30 53 -10 -67 -81 -21 1 -30 69 -8 -85 -10 -73 53 -44 -55 18 8 -51 -41 68 -1 -24 53 60 74 92 16 -48 64 -75 34 64 -92 -83 73 0 30 -40 -55 -75 -77 15 10 -71 -8 -6 19 32 82 -48 -9 -75 -90 46 -23 -82 35 13 97 33 58 0 24 10
96 -90 90 92 -11 -93 81 11 -7 -51 55 4 -85 -16 -78 -33 -45 5 -7 72 37 67 28 -14 -68 -63 -14 -42 50 77 -31 13 -84 45 98 61 5 -35 76 23 10 -52 2 93 -93 -51 82 11 15 -58 64 0 49 -66 97 -53 82 -17 -19 65 -25 -97 8 69 49 59
-6 88 -84 55 -10 -94 -91 -79 85 -65 34 78 94 75 -57 47 56 -14 -63 -46 -52 51 22 84 88 -44 32 -80 18 27 62 50 51 56 20 70 71 11 72 100 -25 38 -38 -10 -1 16 -66 35 -39 -6 45 -10 -10 3 46 -15 -80 -17 -17 35 94 6 15 -45 -48
-96 38 82 39 16 36 -78 52 -12 -99 61 -23 -16 -98 28 51 3 -32 32 6 -62 96 -96 4 90 46 -87 55 -16 27 -20 -63 -80 89 41 -7 83 -32 -29 -28 48 -80 -83 -45 -11 67 21 22 27 -13 -32 96 50 36 26 4 -85 -93 3 94 -47 99 79 51
-31 81 -14 -15 13 -56 22 77 93 79 40 -61 78 -30 34 -69 -10 53 -39 12 -22 86 69 18 -73 -72 -77 -72 -53 -66 -78 44 76 96 24 17 98 9 -26 59 -63 -65 -86 9 3 59 -88 43 -80 41 -5 86 15 27 -96 78 70 89 -55 -56 -17 72 100
-77 85 42 77 49 59 -66 -95 43 81 27 -43 22 44 -62 -40 -75 6 49 55 56 59 66 28 -53 -37 -48 92 63 21 -78 40 1 -38 -70 49 20 37 49 -96 -16 6 71 -76 26 -11 -8 46 44 -95 35 40 47 -87 -19 60 69 76 8 74 -17 72
72 -13 53 68 -14 -87 -65 4 -74 82 96 97 66 35 -84 -82 47 -38 95 85 12 -10 38 78 89 98 27 -73 0 -6 -94 -28 95 19 46 66 -50 -26 78 -60 52 -61 -44 -77 13 66 41 -12 -69 22 60 60 -25 -93 25 44 -42 -36 57 36 -80
-41 45 85 23 -51 20 65 10 20 21 -4 11 79 -97 -9 -23 -97 89 -80 54 90 -58 72 69 68 24 83 -92 -16 31 2 61 7 -82 -29 -54 -32 34 84 37 -86 -85 -80 74 -15 78 9 74 -44 -4 -72 17 -34 -67 -93 -48 38 -83 50 -11
93 -54 -74 -35 40 42 9 77 50 -28 -74 -26 -4 -21 -23 98 42 -89 -97 -24 73 -52 -67 5 36 -34 -80 27 -21 67 -54 91 -15 66 -51 65 24 64 72 -37 -72 -50 63 97 -13 -12 -80 66 41 74 -64 33 -88 -89 -26 -85 -44 45 28
-54 -88 -100 46 60 49 -89 97 36 -99 -61 -18 12 -3 39 92 16 -99 -39 -47 -70 -31 -93 19 -15 -88 -25 -89 -73 32 54 -56 28 -79 -20 -49 92 -62 -85 -36 -52 -55 36 98 -50 53 -93 -47 60 61 -17 -55 8 -75 -41 40 42 -36
2 11 2 95 -41 44 26 82 -5 33 83 -65 -64 -64 90 -59 2 41 -18 26 56 5 -1 37 -82 62 90 -16 -27 -96 -41 54 -37 95 -9 57 -90 93 88 -31 54 92 33 -30 -66 20 41 -16 30 86 -16 2 7 81 23 10 20
42 48 100 98 90 -84 96 30 72 40 95 -50 2 34 -2 -36 -7 -84 -52 -97 -32 -38 -21 -53 54 94 24 4 -98 78 52 56 50 67 -45 -50 -32 29 74 -66 -18 47 -40 -16 22 -58 -42 -19 71 -84 70 54 8 37 -29 -35
-19 -51 -29 23 59 55 -93 -82 43 84 -24 83 3 -38 38 -55 -9 97 -77 78 78 100 -83 -58 88 -76 -50 -65 -39 -82 -55 33 79 8 66 68 -16 -5 -39 75 -16 69 81 12 50 -97 -75 0 51 6 34 98 -20 6 96
78 59 4 81 -96 67 34 -89 45 -55 -88 47 18 31 -33 -62 -30 -64 40 69 -85 -52 58 -20 59 -22 39 9 -86 -10 -51 98 -66 -8 65 12 -27 -6 -57 27 61 69 -17 -86 54 58 -68 -28 49 -21 86 67 57 -73
-90 45 56 30 -6 3 -17 -68 17 27 -76 49 -69 -78 74 6 29 -94 -29 -27 -79 80 -76 -7 52 6 -50 32 87 -88 -61 24 19 -5 -95 70 63 -30 38 -99 -58 86 89 -91 17 -16 -64 -88 69 97 33 -53 -74
71 -76 35 -61 -37 -54 59 53 64 68 -33 5 -29 39 3 19 83 -99 15 76 21 -29 -57 -76 -1 4 59 75 86 -82 20 -45 -13 -24 -58 -28 98 44 -2 94 -84 71 90 61 18 47 93 37 88 -16 94 51
-55 45 -42 -75 28 -78 -51 -26 43 -34 61 45 -66 16 3 -76 43 34 67 -72 43 99 52 -21 76 -29 79 -46 -28 15 94 50 46 12 63 5 20 10 59 22 -100 3 -65 74 65 -53 85 33 -30 83 -88
-30 21 -53 -41 -40 -8 89 42 -26 -95 36 -29 -86 17 26 80 19 -2 23 -19 36 21 -3 91 -28 63 1 63 -1 31 -41 -5 50 -69 100 -25 -69 67 15 56 -34 -39 7 -43 -8 -14 -42 -34 -90 40
-9 93 -51 2 -47 -95 73 -71 24 76 -95 94 8 -61 87 -30 11 32 -31 -71 -21 95 97 -74 6 -83 100 -24 -84 68 93 -17 -91 82 -8 -97 -8 67 98 -16 -34 1 50 -87 43 91 94 25 32
97 -56 -50 -40 -73 11 -55 95 81 -58 -52 88 56 -49 -18 99 -26 -94 -41 22 85 44 -91 -37 61 -55 76 83 17 90 -52 -20 27 -2 65 44 -100 -90 -22 11 -67 35 -88 20 -2 27 -44 -93
78 62 6 74 2 73 -92 -77 -48 21 -15 -23 38 65 36 72 -97 89 65 84 50 30 -30 14 -29 40 48 88 -29 97 7 37 78 40 -92 -73 72 85 88 76 -80 14 -67 49 -99 50 -75
93 -93 -85 -60 96 75 -22 71 -57 91 56 54 2 -79 5 77 26 -10 -78 31 63 29 -54 100 41 27 -68 -26 -31 78 27 7 65 -2 53 -51 54 -39 72 43 -64 -42 -89 26 -32 15
1 -46 -99 24 16 44 -95 -78 -3 -36 16 -26 54 -69 73 46 -49 -35 -39 -73 55 18 -27 -63 -72 -14 81 -39 75 -93 15 98 55 22 41 20 -5 27 -69 -23 -4 -73 0 91 54
23 2 -17 29 24 -15 -21 40 -73 21 -19 35 34 -44 -9 -71 81 -47 74 -99 -19 -83 -54 -49 47 -72 60 83 91 -90 -46 5 -91 -9 64 -31 14 -51 48 65 78 31 -16 -69
-50 -96 67 -93 -59 48 44 48 36 -89 71 70 39 -88 62 -83 -82 48 -68 -73 62 74 5 91 81 33 25 62 -74 15 87 21 -74 73 -56 -63 17 -2 -66 -35 80 56 -1
-32 100 18 35 -20 95 43 17 -32 62 -70 12 -39 -43 -78 -83 41 2 -18 43 -38 16 -85 -71 44 -65 -97 7 75 -13 -59 -81 -68 63 4 -31 -4 9 -22 -67 47 -89
34 13 82 46 -22 88 1 -73 -25 -93 78 9 82 -40 34 2 -39 65 42 -72 -38 -28 35 96 67 30 -73 79 -20 -83 -9 -90 30 93 -91 0 24 65 -52 -40 -95
10 -98 52 25 64 55 -36 -59 66 97 -56 3 -88 73 -70 27 -75 41 53 67 -60 -27 29 -9 -8 -13 2 -58 -53 70 64 36 2 43 45 -49 -66 -48 74 37
-2 -5 -31 83 28 72 79 -51 -85 99 27 64 24 -78 -24 -93 24 -81 41 -29 50 79 23 -6 13 97 -51 -21 86 90 -78 -80 46 99 35 71 68 -22 72
97 -38 69 -59 -7 96 13 4 94 -46 -27 16 -75 51 -29 -41 3 23 23 -91 48 69 -33 4 -86 98 -14 12 40 -84 -6 18 44 -25 -68 -45 1 28
-9 -99 88 72 -13 26 78 7 -14 -93 43 8 -98 88 -43 67 -72 14 -98 29 -89 45 -65 -60 -5 41 -65 -3 -30 -19 70 -15 75 11 -86 -64 -67
52 87 -85 -92 66 65 88 -59 57 35 -25 -54 45 15 59 -1 -66 94 3 -1 -23 -65 15 46 -94 34 -66 -10 -39 67 -68 63 -11 0 -80 66
23 -39 49 -80 -96 11 89 -29 89 -19 80 -41 21 -63 -65 76 -35 19 8 -95 57 -13 10 7 71 -28 4 -29 -51 -54 86 -75 87 -44 57
-62 91 -6 -5 35 96 48 -71 -88 64 -84 30 40 2 -22 -70 -63 -30 41 77 36 -51 63 -39 -3 37 41 59 3 17 -51 -44 -92 11
-88 -45 41 87 54 76 62 -86 -61 73 60 57 -5 37 85 93 -58 92 79 -91 -36 81 64 -91 -56 43 37 86 -1 92 -23 -57 61
32 -89 -42 -27 39 -34 -50 32 64 -64 -38 5 -7 -41 -2 -70 -52 35 15 -94 -26 27 43 70 -72 -17 15 -18 90 41 65 -8
30 40 76 74 24 76 -17 51 26 59 73 6 -72 -92 -49 -49 36 -1 7 4 -36 -27 -85 79 -91 -29 90 25 52 38 -44
24 -93 53 39 46 46 -71 -37 83 73 67 -80 -22 83 -20 52 63 -74 73 -59 -44 89 -95 -12 70 -91 -63 35 -14 -73
-100 49 51 20 65 74 96 60 -38 -71 56 -67 100 -96 -37 -22 -16 -51 -42 -35 17 8 81 9 65 -49 -78 2 -60
-98 77 -20 -85 -60 86 -69 34 19 -38 -31 -54 -95 79 30 71 -89 69 22 -24 -30 65 41 -90 -78 -4 -36 24
-46 85 38 -65 -1 -56 -65 39 -3 -20 -90 -57 -31 85 -92 -89 -63 -11 57 -78 -98 -48 -12 88 -21 91 -50
79 66 76 -41 -94 -39 71 8 100 -95 1 44 -42 4 97 66 77 5 79 82 6 -28 96 -43 -63 -45
17 -23 68 89 69 63 28 -32 78 -52 -34 76 -61 94 -61 -53 79 -39 -59 90 -4 -81 67 -94 91
-83 -87 -83 89 91 -52 55 79 78 -64 -6 -26 72 55 33 -14 54 -93 -58 62 92 21 -20 17
-42 31 -35 -30 55 49 -5 -51 31 -88 -37 58 -9 -7 -74 -56 89 53 -91 -55 -22 -90 75
71 -86 100 33 -84 32 96 -88 15 -25 58 -69 33 -32 63 17 93 59 27 -96 38 10
-97 -16 -71 -21 -22 44 -34 -15 24 31 17 29 -95 -71 5 47 0 -71 -54 9 80
-22 12 -12 50 38 -80 25 -58 2 2 95 -69 -34 -66 45 -38 -22 -98 47 -74
95 85 -37 68 -97 -39 -56 97 26 -8 50 14 -42 -5 84 -87 -4 52 -55
-55 -61 -74 27 -69 92 -32 48 73 74 91 -29 -11 28 -30 -94 37 69
35 49 -26 45 -15 76 84 7 -3 34 -72 -8 44 60 -64 -46 -72
-21 9 -92 -44 -82 13 37 -24 89 -75 -74 96 -32 -11 88 100
-53 -98 -91 45 -58 58 79 -37 19 79 -18 -41 -47 97 2
58 4 0 -98 -23 -64 16 8 56 -76 10 65 23 86
31 79 -4 -84 69 18 56 75 -82 -49 27 50 26
9 43 15 30 86 78 90 -65 -68 31 4 -33
-64 -44 -71 6 66 8 52 -7 16 -75 54
44 90 25 83 6 -94 -11 83 30 1
-85 -93 -48 88 -71 26 -17 -58 -83
-81 94 46 9 -62 55 0 -81
76 47 -52 -10 -83 13 93
-19 -100 14 -80 69 -9
-79 -21 -19 6 -99
-16 36 -93 -84
-30 -34 47
59 55
16