25
14 17 17 8 3 6 9 2 12 14 9 19 19 19 7 13 18 24 18 7 4 15 24 7 20
1 4 6 8 9 14 15 18 19 20 21 22 23 24
2 3 5 6 7 8 10 11 13 14 15 16 18 21 22 23 24
1 3 4 5 6 7 9 10 11 13 15 16 17 20 21 23 24
1 2 6 10 13 14 20 25
4 8 20
5 9 10 11 22 23
2 3 5 13 14 18 19 20 21
21 24
2 3 4 5 8 10 11 15 16 18 19 24
1 2 4 5 6 7 10 12 13 16 20 21 22 25
1 2 5 7 9 11 14 20 22
1 2 5 6 7 9 10 12 13 15 16 17 19 20 21 22 23 24 25
1 2 3 4 5 8 9 10 11 12 13 14 17 18 19 20 21 22 25
1 2 3 5 6 7 8 10 14 15 16 17 18 19 20 21 22 23 24
7 8 9 10 12 20 21
1 5 6 7 8 9 10 11 13 14 18 22 25
1 2 5 6 7 10 11 12 13 14 15 18 19 20 21 22 23 24
1 3 4 5 6 7 8 9 10 11 12 13 14 15 16 17 18 19 20 21 22 23 24 25
1 3 4 5 8 9 11 13 14 16 17 19 20 21 22 23 24 25
2 5 12 14 19 22 23
1 9 12 15
1 4 6 7 8 9 10 11 12 13 17 19 20 21 25
1 2 3 4 5 6 7 8 10 11 12 13 14 15 16 17 18 19 20 21 22 23 24 25
1 5 6 10 11 13 19
1 2 3 4 6 9 10 11 12 13 14 15 16 18 19 20 21 22 24 25
0 -21 20 -20 21 17 4 7 3 1 8 23 -19 -13 18 -14 -16 -4 -24 12 -17 17 -7 -21 -18
-5 22 -15 -14 3 22 -23 9 23 24 16 -17 19 -16 0 -1 23 -3 -20 -20 3 12 14 7
-2 -17 9 -1 -9 -22 -2 -22 13 2 -10 -2 0 18 -14 25 -3 18 -22 -9 14 -9 -8
1 -23 -6 24 -22 -7 16 -11 13 -14 -21 8 -21 -12 25 9 1 -9 -23 1 5 -14
19 -7 -1 -19 -7 -7 20 16 -25 15 -2 20 22 -14 10 -7 18 19 6 -5 17
-10 -6 -12 -1 22 18 11 -5 -12 -11 -23 0 7 -6 -6 -10 -3 6 8 -9
-13 -21 -22 -8 4 -9 -11 -9 17 -20 -6 -9 5 20 -5 23 24 20 14
11 22 16 -8 22 5 -8 -8 -14 7 17 -13 20 -10 3 21 -1 -19
-9 19 -22 -18 -16 -22 8 -3 -8 15 23 22 8 -10 -18 12 6
-21 -3 -1 20 -21 6 3 4 23 -20 -1 21 9 4 1 23
-15 -24 9 -10 -17 -10 -11 -18 -1 0 6 -22 -24 19 13
1 7 -21 11 4 -12 -21 14 -21 16 22 -2 6 -23
-22 4 -25 11 -24 -6 -2 0 20 -4 15 -6 16
-18 -3 -1 -17 -15 9 25 24 -13 -7 -13 12
-15 11 11 -18 -21 17 3 -5 -17 12 -18
18 -18 5 -13 12 19 5 25 -5 18
18 4 -12 23 0 -11 12 -22 18
7 -3 -19 -22 24 5 10 -18
1 10 17 13 4 -7 23
4 17 8 22 -18 0
-1 -13 -9 -14 11
-12 -15 8 -16
-14 -16 -5
4 13
2