50
10 11 11 14 27 31 33 48 34 15 9 25 3 4 44 21 41 11 9 1 16 11 31 19 7 30 3 27 31 13 30 2 10 11 1 6 49 4 45 11 46 9 6 15 25 39 42 14 6 16
10 21 25 29 30 35 42 43 45 48
6 13 14 20 29 31 34 40 41 46 49
9 12 13 22 29 31 32 37 38 39 42
3 6 10 15 18 23 31 37 39 41 43 46 48 49
4 5 6 7 8 9 11 12 14 16 17 19 20 22 25 29 34 35 36 37 38 39 40 44 46 47 50
3 5 6 7 8 9 11 12 14 15 18 19 22 23 24 28 29 30 31 32 33 34 35 38 39 40 41 42 47 48 49
1 2 3 4 6 7 8 12 13 14 17 18 19 20 21 23 25 27 28 29 33 34 36 37 38 40 41 42 45 46 47 49 50
1 2 3 4 5 6 7 8 9 10 11 12 13 14 15 16 17 18 19 20 21 22 23 24 25 26 27 28 29 31 32 33 34 36 37 38 39 40 41 42 43 44 45 46 47 48 49 50
1 2 3 4 5 6 7 8 13 14 15 16 17 18 19 20 23 25 26 27 29 32 33 34 35 36 37 40 41 43 44 45 49 50
10 12 15 16 18 19 22 25 26 29 39 40 42 43 45
1 3 4 8 16 17 23 29 36
1 2 4 6 7 11 12 13 14 15 16 20 22 24 26 33 34 35 40 41 43 44 48 49 50
34 40 48
9 10 23 24
2 3 4 5 6 7 8 9 10 12 13 14 15 16 17 18 19 21 22 23 24 26 27 28 29 30 31 33 34 35 36 37 38 39 40 41 43 44 45 46 47 48 49 50
5 6 7 15 18 20 22 23 26 28 34 36 37 38 39 40 42 45 47 48 49
2 3 5 6 9 10 11 12 13 14 15 16 19 20 21 22 23 24 25 26 27 28 29 30 31 32 34 35 36 37 39 40 41 42 43 44 45 46 47 49 50
4 10 12 14 23 24 29 31 34 37 38
5 16 22 24 27 29 37 44 47
5
2 5 14 15 18 19 20 22 28 29 30 34 36 45 47 49
5 8 12 14 16 20 31 32 39 44 45
1 2 3 4 6 7 10 11 14 15 20 22 23 24 27 29 30 31 32 33 34 35 36 37 41 42 43 44 45 49 50
1 2 8 10 11 14 16 17 19 25 27 29 31 33 38 39 42 46 47
12 18 21 31 40 46 49
1 3 4 5 7 10 11 12 15 17 19 20 21 22 23 24 27 30 32 33 34 39 40 41 44 45 47 48 49 50
6 24 25
2 3 7 8 13 15 16 18 20 24 25 26 27 28 29 30 31 33 34 35 40 41 42 45 46 47 50
1 3 4 5 11 12 13 16 17 18 19 20 21 22 23 24 26 27 30 31 32 34 36 38 40 41 42 44 46 47 49
2 4 7 12 13 15 18 21 22 24 25 28 30
2 4 5 7 9 12 13 14 16 17 18 21 22 23 24 25 28 29 31 33 34 38 39 40 41 43 45 46 47 49
7 13
6 15 23 28 29 30 32 36 39 41
11 13 16 17 21 26 30 31 32 34 45
6
11 14 22 25 38 44
1 2 3 4 5 6 7 8 9 10 11 12 13 14 15 16 17 18 19 20 21 22 23 24 25 26 27 28 29 30 31 32 33 34 35 36 37 38 39 40 41 42 44 45 46 47 48 49 50
9 12 18 42
1 3 4 5 6 7 8 9 10 11 12 13 14 15 16 17 18 20 21 22 23 24 25 26 28 29 30 32 33 34 35 36 38 39 40 41 42 43 44 45 46 47 48 49 50
3 6 8 22 24 28 32 35 36 39 42
2 3 4 5 6 7 8 10 11 12 13 14 15 16 17 18 19 20 21 22 23 25 26 27 28 29 30 31 32 33 34 35 36 37 38 39 40 41 42 43 44 45 46 47 49 50
3 7 9 12 23 24 36 38 44
5 7 24 33 38 48
1 3 6 7 11 13 15 17 18 29 30 31 46 48 49
2 8 10 12 13 14 16 19 20 22 28 29 32 35 36 38 39 40 41 42 43 44 46 48 49
1 2 3 6 7 8 10 11 12 13 14 15 16 17 18 19 20 22 23 26 27 28 31 35 36 37 38 39 40 41 42 43 44 45 46 47 48 49 50
1 3 4 5 6 7 8 9 10 12 13 14 15 17 18 19 20 21 22 23 26 27 28 29 33 34 35 36 37 38 39 40 41 42 43 44 45 46 47 48 49 50
1 6 21 22 23 24 28 30 31 34 35 36 49 50
9 27 28 30 42 46
7 11 16 17 24 25 26 28 29 33 35 36 39 40 41 47
-14 -42 -17 34 29 -24 25 -21 -46 44 13 -13 45 -44 20 -38 -40 -42 -24 8 18 37 15 -34 19 -43 -41 13 35 17 -13 32 -12 23 43 -10 -20 -15 29 35 10 22 27 -24 -27 -32 16 4 23 -22
-50 30 35 -26 -50 22 27 33 17 -43 -33 36 -13 36 -23 42 30 -29 24 2 -31 -16 14 5 -37 -45 24 -16 -42 36 -13 -29 -18 40 -14 22 10 -11 -47 -17 -38 -8 -8 -4 28 43 0 6 42
-24 22 23 31 22 7 43 27 10 -34 -23 -48 10 26 -19 -32 -21 -18 23 -6 47 15 43 22 31 1 -47 14 23 20 -31 34 -46 -26 -34 -9 -43 0 48 -33 -2 -11 -9 38 -21 50 -8 8
49 24 -48 -39 -18 11 -46 -14 -16 47 50 5 8 24 30 -21 12 -46 6 -19 7 -35 10 -28 -21 -30 18 -35 -32 -26 -2 33 45 -5 -30 -33 1 -1 28 -50 22 -24 -47 49 -1 -27 34
-43 26 -39 36 33 -34 -35 5 31 48 -37 -7 -40 48 -39 49 -26 35 -19 30 -8 -7 0 13 20 -3 14 46 -41 7 33 12 -42 11 -24 -32 -33 45 41 30 -14 25 -10 -23 -34 5
-18 35 -28 -25 12 -14 4 -36 49 -21 8 -50 -15 -19 -15 -3 -40 -11 8 -29 31 27 22 -25 50 -44 25 -20 -35 -37 -38 20 -26 -8 -48 -6 8 3 12 47 24 -2 -18 12 -44
6 2 -21 -32 -43 42 -49 -39 -45 38 21 32 45 -47 -20 8 -14 44 38 28 -9 7 41 46 -37 26 -48 50 -47 12 39 36 28 42 -30 8 -15 22 18 -26 32 13 12 -4
-8 -29 -14 50 -17 -47 -9 3 41 1 -40 17 0 12 -47 -48 -44 43 16 -15 36 -12 39 24 -16 28 50 41 -29 49 15 -23 33 21 29 1 39 -12 -20 -42 -1 14 -23
2 -8 -40 2 6 42 35 -4 43 -21 -19 -33 -19 19 1 47 -10 -38 30 -2 -33 8 49 25 1 39 -5 4 37 15 -16 46 32 17 33 41 11 -17 -16 -48 7 -19
33 46 38 11 20 23 -8 7 -34 -46 -23 -12 -49 27 8 32 -20 -9 30 -23 -23 5 -18 19 -27 -30 -21 -32 27 -45 26 -43 47 -33 7 -23 -11 7 -1 -38 -47
14 44 -43 2 18 -14 -6 -46 -28 48 -41 -23 37 20 -39 -29 12 10 -42 -25 31 -30 -46 -6 -6 37 9 -20 -34 -10 -45 -20 41 13 38 40 -42 41 21 -24
19 45 -8 -14 -17 -11 21 33 -39 -50 -11 19 45 5 7 49 6 41 -14 -7 24 50 -16 -44 -35 14 -49 9 -44 -4 36 -9 -16 -2 2 26 28 -46 -28
-4 37 -4 -13 -38 -47 -30 -17 -6 20 36 -19 24 36 43 9 32 -15 -18 38 41 29 29 7 11 18 44 -50 -35 26 9 -29 -7 33 -19 -34 13 36
8 -37 -33 39 -37 44 48 48 18 -44 -12 -24 -40 27 -49 -19 -22 45 -16 25 24 -22 -30 43 -35 -46 44 12 -9 -17 -43 -12 29 41 49 -26 30
-22 -42 -39 -35 -8 -33 -19 -3 -29 10 11 22 40 -43 -29 -21 33 18 4 45 -17 -37 25 13 48 46 28 -38 24 31 32 20 -31 41 29 46
-10 36 19 15 -13 -31 16 26 15 -36 -7 -21 -36 44 5 -50 4 17 22 39 -7 -50 -17 -41 -37 16 34 -23 -23 -11 -22 1 -45 48 28
23 -26 8 -3 -3 49 40 17 6 -37 20 -26 37 16 -23 1 -50 -39 18 -6 -24 15 -25 -43 1 -28 46 -31 -11 -44 45 5 50 -19
42 -41 -38 -20 29 -13 4 -39 7 31 -29 33 -24 -2 13 -37 -8 -29 -8 22 -47 -5 -29 26 -12 -18 15 1 16 -47 -14 -13 -11
-13 21 -20 -22 -26 23 -41 21 39 3 9 -2 -19 -33 -42 -6 48 48 -26 29 -35 40 -22 50 -24 -20 12 21 3 -14 24 0
-36 27 -38 -42 -44 -8 41 -34 22 30 -47 43 2 19 -39 -16 10 27 -46 -12 -20 16 26 35 33 -32 -10 -48 -19 33 40
-25 50 30 12 37 -44 -6 8 30 -21 46 50 12 3 3 -4 -24 -37 -24 -35 38 -38 -45 -39 4 35 2 30 13 5
23 40 -22 -17 7 -4 8 -1 0 30 22 -33 -44 45 -5 -47 35 48 -38 -29 6 -12 30 -4 -28 8 30 34 44
-32 -17 48 45 11 40 -18 31 -11 -4 -2 -20 -11 -47 -39 -12 9 -6 -46 23 47 25 41 19 -35 -5 -12 31
-9 26 27 -9 -47 -45 -38 36 48 43 14 17 -37 20 -16 9 -50 10 -6 -22 -15 -14 29 9 -33 16 -19
-10 -15 14 -23 -6 32 10 -5 -32 -49 -10 13 0 12 29 -12 -32 36 45 36 26 -26 -10 -20 -37 -2
27 -30 -8 -17 26 42 -32 2 43 -17 -1 -27 -50 41 28 46 -44 -5 32 38 -48 14 17 0 -45
46 18 38 -41 -1 -37 -19 -48 -5 24 -11 35 -30 21 -24 -46 -41 23 4 19 42 28 -23 1
-36 -38 -42 -14 -18 20 -40 30 36 -25 9 10 -34 7 45 34 10 40 -40 -6 5 31 -28
-11 -30 -4 11 21 -26 11 -39 -23 -32 -49 -48 14 -22 41 -46 -18 28 22 44 -18 37
-21 20 -39 -46 -32 -4 -46 11 11 42 -31 11 -49 37 -10 -20 4 32 19 23 -39
45 47 -7 46 17 37 50 -2 34 8 -37 -47 33 22 -37 46 -19 42 47 -27
-50 -40 5 -33 -49 21 -15 -2 32 -40 46 42 8 -44 11 49 28 49 47
21 9 -37 -50 -25 34 -10 -39 -7 -14 -24 34 48 -1 -14 -7 2 41
23 -33 24 -42 -10 7 6 29 -47 -32 -25 24 39 -15 50 -32 -6
-35 -40 -17 -21 50 5 0 -18 -21 -3 -30 37 -20 -42 32 28
19 1 32 -27 -33 -29 -43 25 -42 -16 39 18 -18 20 28
-7 -9 -14 42 20 -33 43 30 -49 34 -8 41 32 30
32 -24 -44 -41 -5 35 17 -14 -27 -20 -21 7 5
-43 -32 23 -12 -16 27 32 -33 -8 -28 -43 34
-6 20 -20 32 -17 14 7 -38 -45 10 -35
-45 -33 49 -7 -20 -24 -3 -46 46 35
-27 -7 20 -31 -24 -17 -10 26 -29
42 -45 18 50 48 -21 -6 -4
-38 -38 -34 -2 6 12 -12
15 48 28 26 -43 47
3 39 -3 34 -37
-45 22 21 46
43 -31 -36
-42 16
11