20
7 1 20 13 17 10 15 10 11 13 17 5 14 12 20 14 1 17 16 20
4 5 8 9 11 16 19
11
1 2 3 4 5 6 7 8 9 10 11 12 13 14 15 16 17 18 19 20
3 4 5 6 8 9 10 11 12 13 16 19 20
1 2 3 4 5 6 8 10 11 12 13 15 16 17 18 19 20
2 4 5 6 9 11 12 13 19 20
1 2 3 4 5 8 9 12 13 14 16 17 18 19 20
1 3 5 6 7 14 15 16 18 19
3 5 6 7 8 12 14 16 17 19 20
1 2 4 6 7 8 9 10 12 13 14 15 18
1 3 4 5 6 7 9 11 12 13 14 15 16 17 18 19 20
6 7 8 19 20
2 3 4 5 6 8 9 10 12 13 14 17 19 20
2 3 5 7 9 11 12 13 14 15 17 18
1 2 3 4 5 6 7 8 9 10 11 12 13 14 15 16 17 18 19 20
1 2 3 4 5 8 9 10 11 14 16 18 19 20
2
1 2 3 4 7 8 10 11 12 13 14 15 16 17 18 19 20
1 3 4 5 6 7 8 10 11 12 13 14 15 17 18 19
1 2 3 4 5 6 7 8 9 10 11 12 13 14 15 16 17 18 19 20
-13 -18 14 -16 -3 10 -15 2 -11 -19 -7 3 -12 -13 8 1 -18 -6 18 -1
-16 -11 1 -20 2 -16 7 -13 -10 6 17 8 12 -13 1 -8 -16 17 -9
16 -20 8 -19 -18 -16 10 3 1 -19 -7 4 13 18 -7 -20 -18 5
-6 -6 -18 14 -15 0 -17 15 -1 -3 19 -7 -11 9 8 20 1
-14 13 6 -4 -12 14 13 -2 6 7 9 1 12 -9 0 -16
13 8 11 -16 -8 16 19 11 8 3 19 1 0 11 15
-12 -8 -18 7 4 9 -17 -13 -3 6 16 -8 -2 5
-6 3 -9 14 -20 14 17 -1 2 -15 -15 16 8
-5 -7 11 16 -8 -1 -13 12 6 -10 -6 0
1 3 -12 0 7 -15 3 4 20 -16 10
11 -12 4 13 -8 -10 9 7 -5 3
9 -16 -19 -11 -20 20 4 -18 20
-20 20 15 -11 -8 19 -6 8
12 16 5 -10 9 18 0
2 -18 13 -16 -16 -18
9 9 16 -11 9
-7 -14 -12 -15
-14 12 -5
0 -15
18
